The number of jobs:
20
The number of in-house machines:
6
The number of outsourcing machines:
4
The processing time and cost of available machines for each operation:
10 2 7 17 70 8 8 78 1 4 18 61 1 3 7 75 1 10 18 53 2 9 19 58 10 7 77 2 1 6 80 10 5 81 2 1 7 99 6 8 110 1 1 12 103 1 4 11 122 1 4 11 67 
12 2 8 20 50 10 12 60 2 4 8 63 10 20 60 2 2 14 103 3 16 63 2 4 11 57 10 9 76 2 3 15 115 6 6 94 2 4 8 93 7 19 72 2 2 12 56 4 6 68 2 5 13 67 6 7 129 2 3 9 147 6 8 121 2 3 16 88 5 5 108 2 7 19 58 8 11 54 2 7 15 97 8 12 63 
14 1 2 9 59 1 6 8 125 2 4 20 78 7 18 53 1 6 19 64 2 6 17 69 9 17 94 2 3 12 92 9 18 59 1 2 17 121 2 6 20 85 8 9 65 1 3 9 97 2 3 13 67 10 8 79 1 2 10 61 1 7 19 96 2 1 11 82 5 18 147 2 1 15 87 8 8 95 
10 1 5 17 136 1 3 11 87 1 10 9 83 1 1 13 143 1 6 10 64 1 7 17 60 1 3 11 50 2 3 18 141 5 18 69 1 7 19 82 2 4 11 83 7 13 63 
12 2 6 9 97 7 6 95 1 2 12 80 1 6 8 147 2 4 16 59 8 11 59 1 3 20 87 2 5 15 108 6 9 80 1 9 7 99 1 6 19 63 1 7 20 85 2 3 8 91 7 14 54 2 2 15 87 8 7 84 2 8 13 94 9 16 71 
10 1 6 18 62 2 3 15 54 8 12 63 1 6 19 119 2 3 11 50 9 5 95 1 1 14 81 2 1 18 115 4 17 83 2 1 17 72 3 9 122 2 4 10 85 5 14 94 2 3 5 132 4 12 71 1 9 6 51 
12 2 1 18 83 10 5 91 2 4 10 77 8 11 70 2 1 17 99 4 17 138 2 3 13 70 9 18 82 1 2 5 103 2 4 11 56 7 13 50 2 2 8 70 10 17 95 1 4 12 51 1 8 11 72 2 6 20 57 7 10 71 1 1 18 75 2 3 5 102 4 14 61 
11 1 8 11 89 1 1 14 54 2 7 12 70 10 7 66 2 2 16 83 10 18 64 2 2 19 136 3 6 50 2 3 12 110 6 9 134 2 6 8 84 7 20 63 2 5 11 81 7 17 83 2 9 5 55 10 9 52 2 5 9 76 8 15 77 1 5 7 67 
14 2 5 11 61 8 8 61 2 6 9 91 7 19 74 1 5 20 51 2 4 9 91 9 9 59 2 1 17 76 4 15 72 1 1 18 147 1 2 17 55 2 1 5 114 2 16 79 2 8 10 56 9 15 74 2 2 8 90 7 9 63 2 5 6 126 6 16 108 1 10 13 72 2 3 9 99 9 7 68 1 7 20 93 
11 1 5 6 122 2 7 10 91 9 17 62 1 6 9 94 2 8 5 61 9 10 51 1 7 7 75 2 1 16 72 3 9 73 1 10 20 55 1 2 7 59 2 1 20 54 7 15 67 1 10 10 72 1 6 8 55 
11 1 10 12 99 1 1 8 147 1 2 12 79 1 1 7 133 2 3 8 101 6 16 146 1 6 10 56 1 7 16 91 1 8 6 58 2 7 16 78 10 19 65 1 8 13 82 2 6 10 83 9 17 82 
10 2 4 18 79 7 19 64 2 3 15 92 9 10 73 1 7 12 93 1 7 5 98 1 2 19 134 1 9 17 53 1 7 20 80 1 7 18 61 2 6 7 81 9 16 97 1 7 13 60 
11 1 10 20 51 2 4 15 78 8 12 59 2 1 17 137 4 16 56 2 8 10 74 10 18 50 2 4 14 69 10 19 92 2 2 16 86 10 17 86 1 2 15 125 2 5 14 72 10 17 90 2 6 10 88 7 18 88 2 4 10 55 8 6 60 1 8 8 54 
11 1 6 8 122 2 6 13 89 9 12 58 2 4 12 77 9 7 73 2 5 12 93 7 11 67 2 3 18 52 6 6 143 1 8 17 99 2 7 17 74 9 17 67 2 2 15 69 5 20 57 1 9 16 52 2 2 16 86 9 8 61 1 1 6 141 
11 2 1 17 50 10 11 94 1 7 13 75 1 2 6 72 2 8 13 77 10 5 57 1 8 5 54 1 2 18 97 1 4 12 73 1 9 7 61 1 4 12 74 2 2 17 80 4 7 61 1 7 12 51 
11 1 10 6 73 2 1 18 51 10 12 79 1 9 9 95 1 3 10 106 1 3 8 131 1 3 5 139 1 8 14 91 1 1 12 115 2 3 13 68 7 14 87 1 6 17 69 1 10 16 95 
13 2 3 17 69 10 18 98 1 8 10 77 1 6 12 71 2 1 19 93 10 9 91 1 4 14 128 2 6 13 55 10 12 92 1 6 17 131 1 3 15 89 2 3 8 81 7 20 95 1 8 7 72 2 9 19 84 10 7 92 2 4 9 92 5 5 98 2 2 13 148 5 16 126 
11 2 3 19 57 4 5 143 2 5 5 86 8 9 78 1 1 6 141 1 5 17 65 2 5 11 57 10 19 63 1 7 14 71 2 4 6 75 8 7 98 2 5 6 98 6 12 134 1 5 17 145 1 8 11 60 1 3 9 120 
10 2 5 13 70 7 18 59 2 6 7 54 9 9 98 1 1 10 136 1 2 10 129 2 2 10 78 3 13 56 2 1 15 121 6 11 117 1 3 18 133 2 8 5 95 10 12 95 2 5 9 77 8 9 57 1 3 12 144 
10 1 4 13 98 1 5 15 61 2 1 20 77 3 7 90 1 7 17 80 1 1 8 127 2 7 8 98 9 7 87 2 1 9 69 7 16 95 1 5 13 143 2 8 12 51 10 20 68 1 7 8 89 
The start time and end time of STWs:
12 39 75 97 135 165 185 210 237 Inf 
15 39 75 108 147 175 202 230 261 Inf 
19 48 84 111 141 171 192 222 259 Inf 
12 42 69 91 127 161 192 222 259 Inf 
