The number of jobs:
20
The number of in-house machines:
7
The number of outsourcing machines:
3
The processing time and cost of available machines for each operation:
12 1 10 7 85 3 3 7 82 7 6 96 9 6 68 2 6 6 63 10 20 50 3 4 13 71 7 20 85 9 13 81 4 1 16 96 6 5 90 8 15 95 9 12 69 5 2 19 86 3 15 82 4 14 99 5 11 56 10 19 82 2 9 14 93 10 15 53 4 3 16 51 7 5 73 9 11 84 10 9 90 2 7 11 94 8 11 96 2 4 12 59 10 7 82 2 8 10 83 9 16 62 2 1 6 133 3 11 125 
13 1 2 12 113 5 1 5 85 3 15 72 8 16 82 9 19 87 10 14 81 3 3 8 83 5 18 67 8 5 70 4 1 6 61 3 9 89 4 7 62 5 9 87 5 3 17 73 4 11 52 5 17 57 6 15 57 9 5 83 2 2 19 82 7 6 67 5 3 14 86 4 11 67 7 7 93 9 8 69 10 10 99 1 9 17 57 4 4 9 55 7 20 98 9 12 79 10 12 60 3 1 13 74 4 11 95 9 14 62 5 1 5 56 2 19 74 7 13 70 8 5 64 10 18 72 1 10 11 58 4 4 5 84 6 5 83 8 16 76 10 6 99 
11 3 6 11 64 9 9 69 10 13 93 3 2 10 103 4 5 69 6 11 97 3 3 6 96 7 8 97 10 5 87 3 2 15 92 7 7 50 8 15 76 3 4 12 73 5 14 122 6 20 123 4 1 5 53 2 16 98 8 6 80 9 5 76 2 8 15 94 10 11 51 2 9 7 64 10 5 63 1 1 8 97 4 1 14 150 2 15 122 3 7 56 6 16 109 2 2 19 77 9 9 73 
11 4 2 6 89 4 16 67 5 11 80 8 8 74 1 10 7 92 5 3 6 94 6 17 76 7 7 71 8 14 68 10 20 84 5 1 19 91 4 13 76 5 8 60 6 7 90 8 8 89 4 2 19 67 3 16 149 4 17 146 7 17 120 1 10 17 61 5 1 14 66 3 19 55 4 18 61 5 18 59 9 17 57 5 1 17 56 3 10 99 7 19 67 9 12 85 10 13 74 5 1 12 82 2 20 99 3 16 79 8 12 70 10 20 64 4 1 12 95 4 20 65 5 13 79 8 19 90 4 4 20 53 5 11 72 8 10 84 10 7 97 
14 2 3 17 104 5 13 139 1 9 9 62 1 8 11 96 3 7 11 83 9 10 89 10 15 86 2 4 5 67 10 15 75 3 2 13 75 8 19 56 10 10 93 3 3 11 63 4 20 84 8 12 66 5 1 20 69 3 10 54 8 8 75 9 5 68 10 6 72 3 2 7 71 4 10 54 9 20 76 5 1 13 77 4 19 66 7 16 72 9 20 61 10 12 55 1 5 19 52 3 1 16 122 4 16 126 5 13 124 2 3 13 111 5 15 115 3 3 15 65 5 17 53 10 7 97 
11 1 6 15 82 1 9 10 66 3 2 9 80 8 9 79 10 14 85 4 4 15 77 5 9 56 7 13 61 9 17 77 1 3 18 132 1 1 12 114 1 1 7 64 2 6 13 73 7 18 78 3 3 5 96 5 13 55 10 18 82 2 5 11 76 6 15 120 1 5 8 120 
14 2 5 11 71 9 17 76 3 2 10 131 4 18 138 7 13 123 5 1 11 55 4 20 83 6 12 63 8 14 81 10 18 98 3 1 10 131 2 16 145 7 12 89 4 1 5 65 2 13 58 5 16 69 7 17 121 3 2 19 141 3 11 118 4 5 60 2 2 18 59 8 6 87 5 1 8 65 3 20 53 4 14 94 6 19 55 8 12 97 5 2 7 76 6 11 75 7 12 74 9 19 71 10 13 88 1 1 17 86 5 2 20 88 5 10 72 6 14 88 8 18 78 10 19 83 3 1 18 90 9 5 86 10 20 64 5 1 15 98 2 6 51 5 12 65 7 7 94 10 20 88 1 6 6 132 
13 3 3 19 51 9 5 96 10 18 94 4 2 13 89 3 20 57 6 10 63 8 17 75 2 5 11 68 10 7 88 3 1 15 104 3 13 117 6 12 115 4 3 11 83 4 19 87 6 19 76 8 5 85 1 8 19 66 2 4 8 54 8 10 76 5 2 18 58 4 20 95 6 20 67 8 12 98 9 13 77 5 1 7 95 2 6 90 4 9 93 6 7 55 8 6 66 3 1 8 92 3 13 93 9 16 99 1 3 13 84 4 4 15 62 8 8 79 9 12 59 10 7 95 5 1 5 84 3 6 82 4 12 63 6 7 60 9 13 83 
11 5 2 12 105 4 17 148 5 13 68 6 18 119 7 5 147 3 3 16 64 7 12 98 9 6 51 2 5 15 91 8 13 79 4 1 20 59 2 8 74 5 20 83 8 13 60 2 3 9 79 8 6 80 3 2 16 87 6 13 72 8 6 91 3 2 10 95 7 7 75 10 5 99 4 3 11 69 6 15 82 7 5 82 8 8 95 4 1 7 56 5 12 74 8 8 85 9 11 57 3 2 17 124 3 5 53 7 5 123 1 2 7 118 
12 4 3 8 52 4 7 88 7 7 96 8 7 91 4 3 18 68 6 6 91 8 10 63 9 6 59 5 4 13 74 6 11 94 8 5 96 9 7 80 10 19 87 4 2 17 58 8 18 70 9 20 54 10 18 98 1 10 14 53 2 2 19 119 6 9 62 3 2 8 90 6 17 94 10 10 89 2 5 10 55 9 15 81 2 3 6 52 8 7 65 2 4 9 85 10 6 56 3 2 6 70 7 5 67 8 5 78 2 2 6 140 3 20 131 
10 5 1 15 61 3 7 77 4 12 56 5 16 99 8 13 71 4 3 17 88 5 19 78 6 9 64 8 7 85 1 8 8 67 5 3 11 78 6 12 97 7 19 88 8 14 60 9 19 93 2 1 11 122 4 7 69 2 6 9 112 7 14 109 5 1 17 51 4 12 61 8 17 63 9 6 53 10 11 85 3 1 6 59 6 17 70 7 9 71 2 1 7 112 7 13 77 2 6 20 93 9 16 82 
11 1 3 11 117 1 2 16 57 4 1 5 65 2 15 52 5 16 147 7 17 121 1 9 5 64 1 5 7 123 3 5 8 61 6 17 55 7 5 50 5 1 9 94 2 15 63 5 10 54 9 17 98 10 13 58 4 5 19 75 7 7 52 8 17 97 9 18 68 5 6 15 86 7 11 73 8 8 77 9 20 88 10 5 93 5 2 12 91 5 5 59 8 20 73 9 16 67 10 11 58 4 2 9 102 5 8 65 6 18 80 7 10 71 
11 5 2 14 53 4 20 69 7 15 70 9 12 78 10 18 70 1 2 17 71 1 10 18 86 3 2 15 67 6 7 92 8 15 75 4 2 10 58 3 13 89 5 15 76 8 5 93 4 4 9 86 7 18 99 8 13 95 10 12 77 4 1 6 89 2 16 75 4 19 59 8 16 79 5 1 15 76 3 14 57 4 9 68 7 9 77 9 13 77 2 7 13 68 9 14 63 4 1 5 97 2 18 62 4 20 98 8 7 75 1 9 7 59 
10 1 10 16 71 1 9 15 67 1 9 15 50 3 1 14 86 6 7 53 8 15 69 5 1 16 99 4 6 65 5 15 58 6 18 61 8 18 99 2 3 8 64 8 11 52 1 1 14 94 5 1 16 57 4 5 75 5 8 74 9 18 61 10 7 75 1 4 14 71 1 4 15 124 
12 5 3 8 66 4 14 51 5 17 61 6 19 63 10 18 94 4 2 16 72 5 6 64 8 6 89 10 12 54 4 4 6 64 5 13 50 7 7 56 9 15 96 3 4 19 65 6 15 70 9 13 70 5 3 18 70 4 16 88 8 6 51 9 6 62 10 5 57 4 3 13 133 5 8 92 6 19 135 7 19 138 5 1 8 75 2 13 57 8 11 65 9 18 86 10 10 65 1 8 16 95 1 10 13 76 3 1 15 84 9 12 76 10 7 55 1 1 18 65 5 1 12 78 4 16 99 5 12 61 7 9 84 9 5 73 
14 5 1 16 88 2 18 70 4 18 65 9 11 82 10 13 77 5 1 12 76 3 10 79 6 9 97 7 19 87 9 19 67 2 8 17 81 9 13 69 3 2 13 69 5 11 72 8 15 74 3 4 16 80 6 6 77 8 17 71 2 7 19 87 10 11 66 1 4 12 96 4 3 8 74 5 8 68 6 5 94 8 10 55 5 1 14 67 2 5 84 4 20 64 7 14 75 10 12 96 3 4 17 76 7 12 52 10 15 86 3 1 15 137 5 6 87 7 17 56 2 1 13 94 9 16 56 5 1 6 76 2 18 99 3 12 78 7 9 70 10 7 75 2 8 19 56 9 11 57 
13 4 1 18 56 5 14 83 6 13 83 7 8 135 1 8 18 92 5 2 10 98 4 20 82 6 19 86 8 5 79 10 20 82 3 1 20 142 4 14 114 5 10 121 3 5 14 75 8 16 92 10 10 52 5 1 20 59 2 17 60 4 7 61 5 8 68 10 12 62 2 1 5 62 9 16 50 1 1 10 90 4 1 16 134 3 16 146 5 8 105 6 16 88 2 1 15 52 3 10 79 5 1 6 93 2 6 67 3 17 57 6 12 84 10 8 63 3 4 5 75 5 7 82 6 17 119 1 3 13 79 
11 2 3 16 68 4 19 63 1 1 15 109 4 4 5 78 5 18 63 7 16 61 10 14 71 3 5 13 92 7 6 81 9 18 68 4 4 5 52 5 8 52 6 5 67 8 7 91 1 2 15 63 5 1 15 70 2 12 57 5 7 80 7 18 56 8 7 77 5 1 15 58 2 15 76 3 10 51 7 11 69 9 14 82 3 2 13 133 6 17 80 7 7 109 1 6 7 88 4 1 12 71 2 5 119 3 6 125 4 17 108 
13 5 2 13 52 5 7 95 7 9 93 9 10 60 10 13 78 5 2 6 90 4 6 53 6 19 61 7 13 53 10 10 74 5 6 8 50 7 13 97 8 19 88 9 15 62 10 9 59 3 6 20 68 8 16 65 10 7 94 5 1 17 79 4 16 54 5 18 94 9 16 54 10 18 54 5 4 9 71 5 12 54 7 13 89 8 11 92 10 20 79 2 3 8 91 10 14 92 2 2 5 138 3 7 143 4 2 5 60 3 15 94 7 18 58 8 17 56 1 2 19 113 1 9 5 72 1 2 18 115 5 3 7 77 5 17 50 7 18 58 8 18 85 10 16 93 
13 5 3 9 93 4 11 68 7 11 51 8 7 95 10 8 50 2 1 13 69 8 19 85 3 2 8 77 8 20 80 10 19 66 3 1 19 62 2 19 114 4 18 51 2 1 15 58 5 10 144 1 9 17 63 4 3 16 95 6 19 99 9 14 81 10 13 68 1 1 8 89 3 3 16 86 4 20 68 6 18 63 2 1 7 127 7 20 141 5 2 20 110 3 10 60 4 5 66 5 6 148 7 13 109 1 3 11 138 2 3 8 89 6 18 130 
The start time and end time of STWs:
19 39 78 109 149 179 202 238 269 Inf 
16 50 86 126 157 184 207 243 276 Inf 
13 49 89 114 146 173 212 250 288 Inf 
