The number of jobs:
20
The number of in-house machines:
8
The number of outsourcing machines:
2
The processing time and cost of available machines for each operation:
12 1 10 7 76 3 3 7 98 7 6 82 9 6 85 2 6 6 76 10 20 81 3 4 13 91 7 20 65 9 13 70 4 1 16 61 6 5 51 8 15 85 9 12 67 5 2 19 60 3 15 61 4 14 77 5 11 70 10 19 73 2 9 14 94 10 15 62 4 3 16 99 7 5 99 9 11 90 10 9 72 2 7 11 69 8 11 128 2 4 12 99 10 7 57 2 8 10 70 9 16 62 2 1 6 111 3 11 105 
13 1 2 12 111 5 1 5 87 3 15 55 8 16 98 9 19 84 10 14 50 3 3 8 137 5 18 118 8 5 50 4 1 6 93 3 9 73 4 7 91 5 9 65 5 3 17 62 4 11 58 5 17 54 6 15 86 9 5 66 2 2 19 134 7 6 68 5 3 14 51 4 11 95 7 7 71 9 8 95 10 10 52 1 9 17 97 4 4 9 92 7 20 92 9 12 95 10 12 78 3 1 13 84 4 11 87 9 14 94 5 1 5 78 2 19 59 7 13 95 8 5 95 10 18 81 1 10 11 73 4 4 5 64 6 5 84 8 16 55 10 6 63 
11 3 6 11 50 9 9 90 10 13 67 3 2 10 146 4 5 53 6 11 87 3 3 6 97 7 8 73 10 5 63 3 2 15 84 7 7 68 8 15 72 3 4 12 114 5 14 86 6 20 84 4 1 5 66 2 16 55 8 6 94 9 5 70 2 8 15 83 10 11 93 2 9 7 90 10 5 79 1 1 8 67 4 1 14 142 2 15 83 3 7 120 6 16 85 2 2 19 65 9 9 57 
11 4 2 6 54 4 16 88 5 11 123 8 8 86 1 10 7 84 5 3 6 84 6 17 71 7 7 50 8 14 62 10 20 58 5 1 19 103 4 13 129 5 8 118 6 7 95 8 8 92 4 2 19 126 3 16 124 4 17 140 7 17 105 1 10 17 99 5 1 14 64 3 19 60 4 18 69 5 18 59 9 17 60 5 1 17 61 3 10 99 7 19 98 9 12 86 10 13 98 5 1 12 58 2 20 68 3 16 70 8 12 50 10 20 54 4 1 12 127 4 20 117 5 13 60 8 19 89 4 4 20 91 5 11 60 8 10 94 10 7 70 
14 2 3 17 58 5 13 147 1 9 9 80 1 8 11 137 3 7 11 96 9 10 54 10 15 98 2 4 5 85 10 15 75 3 2 13 61 8 19 70 10 10 67 3 3 11 142 4 20 145 8 12 54 5 1 20 83 3 10 98 8 8 65 9 5 52 10 6 69 3 2 7 89 4 10 79 9 20 60 5 1 13 91 4 19 91 7 16 52 9 20 82 10 12 99 1 5 19 65 3 1 16 57 4 16 99 5 13 54 2 3 13 58 5 15 91 3 3 15 53 5 17 78 10 7 73 
11 1 6 15 150 1 9 10 63 3 2 9 83 8 9 55 10 14 60 4 4 15 70 5 9 53 7 13 75 9 17 70 1 3 18 77 1 1 12 101 1 1 7 150 2 6 13 77 7 18 141 3 3 5 71 5 13 58 10 18 62 2 5 11 56 6 15 59 1 5 8 136 
14 2 5 11 50 9 17 98 3 2 10 54 4 18 127 7 13 72 5 1 11 71 4 20 63 6 12 99 8 14 69 10 18 88 3 1 10 136 2 16 59 7 12 70 4 1 5 112 2 13 112 5 16 75 7 17 77 3 2 19 54 3 11 125 4 5 99 2 2 18 135 8 6 86 5 1 8 112 3 20 87 4 14 109 6 19 75 8 12 123 5 2 7 53 6 11 88 7 12 77 9 19 93 10 13 84 1 1 17 138 5 2 20 99 5 10 73 6 14 97 8 18 84 10 19 75 3 1 18 53 9 5 95 10 20 99 5 1 15 57 2 6 50 5 12 97 7 7 88 10 20 75 1 6 6 103 
13 3 3 19 81 9 5 87 10 18 94 4 2 13 130 3 20 115 6 10 113 8 17 146 2 5 11 50 10 7 61 3 1 15 121 3 13 71 6 12 103 4 3 11 62 4 19 74 6 19 111 8 5 54 1 8 19 77 2 4 8 102 8 10 79 5 2 18 60 4 20 79 6 20 78 8 12 99 9 13 74 5 1 7 127 2 6 128 4 9 54 6 7 134 8 6 127 3 1 8 76 3 13 86 9 16 85 1 3 13 112 4 4 15 60 8 8 89 9 12 56 10 7 61 5 1 5 71 3 6 85 4 12 56 6 7 76 9 13 56 
11 5 2 12 132 4 17 58 5 13 139 6 18 80 7 5 68 3 3 16 71 7 12 76 9 6 91 2 5 15 64 8 13 150 4 1 20 129 2 8 69 5 20 51 8 13 107 2 3 9 79 8 6 120 3 2 16 146 6 13 120 8 6 124 3 2 10 62 7 7 87 10 5 96 4 3 11 143 6 15 144 7 5 145 8 8 70 4 1 7 60 5 12 65 8 8 75 9 11 64 3 2 17 102 3 5 64 7 5 110 1 2 7 87 
12 4 3 8 105 4 7 125 7 7 112 8 7 53 4 3 18 94 6 6 61 8 10 73 9 6 59 5 4 13 52 6 11 88 8 5 58 9 7 55 10 19 50 4 2 17 62 8 18 89 9 20 53 10 18 99 1 10 14 78 2 2 19 117 6 9 109 3 2 8 99 6 17 66 10 10 78 2 5 10 52 9 15 76 2 3 6 79 8 7 107 2 4 9 77 10 6 51 3 2 6 96 7 5 135 8 5 142 2 2 6 135 3 20 65 
10 5 1 15 102 3 7 64 4 12 125 5 16 61 8 13 116 4 3 17 106 5 19 123 6 9 137 8 7 146 1 8 8 72 5 3 11 94 6 12 92 7 19 71 8 14 71 9 19 67 2 1 11 129 4 7 111 2 6 9 58 7 14 118 5 1 17 81 4 12 67 8 17 60 9 6 50 10 11 94 3 1 6 59 6 17 133 7 9 127 2 1 7 117 7 13 85 2 6 20 74 9 16 86 
11 1 3 11 58 1 2 16 123 4 1 5 84 2 15 90 5 16 116 7 17 91 1 9 5 84 1 5 7 80 3 5 8 100 6 17 146 7 5 61 5 1 9 87 2 15 59 5 10 90 9 17 88 10 13 65 4 5 19 97 7 7 73 8 17 99 9 18 87 5 6 15 85 7 11 53 8 8 97 9 20 95 10 5 98 5 2 12 74 5 5 87 8 20 92 9 16 97 10 11 68 4 2 9 50 5 8 146 6 18 108 7 10 100 
11 5 2 14 99 4 20 66 7 15 50 9 12 88 10 18 94 1 2 17 140 1 10 18 87 3 2 15 119 6 7 92 8 15 76 4 2 10 88 3 13 73 5 15 95 8 5 145 4 4 9 92 7 18 51 8 13 82 10 12 96 4 1 6 107 2 16 80 4 19 58 8 16 110 5 1 15 72 3 14 65 4 9 59 7 9 75 9 13 63 2 7 13 77 9 14 81 4 1 5 57 2 18 51 4 20 69 8 7 132 1 9 7 53 
10 1 10 16 93 1 9 15 93 1 9 15 94 3 1 14 144 6 7 70 8 15 65 5 1 16 98 4 6 99 5 15 71 6 18 54 8 18 140 2 3 8 116 8 11 56 1 1 14 85 5 1 16 96 4 5 97 5 8 64 9 18 82 10 7 92 1 4 14 55 1 4 15 104 
12 5 3 8 74 4 14 59 5 17 78 6 19 71 10 18 72 4 2 16 83 5 6 60 8 6 74 10 12 72 4 4 6 67 5 13 90 7 7 85 9 15 94 3 4 19 80 6 15 68 9 13 60 5 3 18 79 4 16 74 8 6 79 9 6 51 10 5 70 4 3 13 111 5 8 61 6 19 74 7 19 68 5 1 8 77 2 13 88 8 11 67 9 18 53 10 10 58 1 8 16 133 1 10 13 98 3 1 15 78 9 12 80 10 7 99 1 1 18 144 5 1 12 70 4 16 63 5 12 74 7 9 66 9 5 53 
14 5 1 16 85 2 18 57 4 18 61 9 11 93 10 13 78 5 1 12 71 3 10 99 6 9 64 7 19 67 9 19 61 2 8 17 56 9 13 61 3 2 13 113 5 11 71 8 15 70 3 4 16 56 6 6 130 8 17 59 2 7 19 56 10 11 76 1 4 12 103 4 3 8 67 5 8 100 6 5 104 8 10 115 5 1 14 95 2 5 83 4 20 66 7 14 79 10 12 79 3 4 17 67 7 12 84 10 15 71 3 1 15 112 5 6 145 7 17 57 2 1 13 70 9 16 63 5 1 6 80 2 18 84 3 12 53 7 9 55 10 7 66 2 8 19 93 9 11 73 
13 4 1 18 59 5 14 78 6 13 86 7 8 79 1 8 18 110 5 2 10 52 4 20 85 6 19 70 8 5 96 10 20 98 3 1 20 119 4 14 62 5 10 140 3 5 14 91 8 16 64 10 10 75 5 1 20 58 2 17 99 4 7 80 5 8 76 10 12 53 2 1 5 86 9 16 64 1 1 10 62 4 1 16 70 3 16 149 5 8 150 6 16 68 2 1 15 83 3 10 89 5 1 6 69 2 6 51 3 17 87 6 12 99 10 8 84 3 4 5 135 5 7 66 6 17 55 1 3 13 72 
11 2 3 16 114 4 19 150 1 1 15 139 4 4 5 86 5 18 63 7 16 78 10 14 52 3 5 13 62 7 6 81 9 18 65 4 4 5 61 5 8 142 6 5 83 8 7 92 1 2 15 139 5 1 15 70 2 12 96 5 7 97 7 18 71 8 7 84 5 1 15 88 2 15 56 3 10 50 7 11 93 9 14 57 3 2 13 68 6 17 145 7 7 145 1 6 7 106 4 1 12 92 2 5 121 3 6 136 4 17 121 
13 5 2 13 58 5 7 65 7 9 86 9 10 91 10 13 76 5 2 6 92 4 6 86 6 19 92 7 13 74 10 10 52 5 6 8 68 7 13 74 8 19 73 9 15 97 10 9 71 3 6 20 89 8 16 71 10 7 86 5 1 17 99 4 16 65 5 18 72 9 16 68 10 18 55 5 4 9 76 5 12 91 7 13 66 8 11 67 10 20 63 2 3 8 63 10 14 73 2 2 5 80 3 7 90 4 2 5 111 3 15 53 7 18 107 8 17 72 1 2 19 146 1 9 5 72 1 2 18 72 5 3 7 51 5 17 79 7 18 84 8 18 52 10 16 59 
13 5 3 9 84 4 11 96 7 11 70 8 7 57 10 8 84 2 1 13 94 8 19 107 3 2 8 54 8 20 59 10 19 82 3 1 19 106 2 19 57 4 18 137 2 1 15 133 5 10 73 1 9 17 51 4 3 16 59 6 19 86 9 14 81 10 13 83 1 1 8 84 3 3 16 62 4 20 117 6 18 98 2 1 7 59 7 20 71 5 2 20 128 3 10 138 4 5 55 5 6 75 7 13 102 1 3 11 120 2 3 8 129 6 18 121 
The start time and end time of STWs:
11 48 73 101 121 152 191 225 262 Inf 
10 37 57 84 107 131 171 195 216 Inf 
