The number of jobs:
15
The number of in-house machines:
3
The number of outsourcing machines:
1
The processing time and cost of available machines for each operation:
6 2 1 5 78 2 10 89 1 4 6 80 2 2 10 92 3 8 68 2 2 7 94 3 10 148 1 4 5 60 2 1 6 116 2 5 95 
5 1 4 6 79 1 3 9 145 2 1 8 128 2 5 101 1 1 6 63 2 2 6 91 4 9 90 
8 2 2 7 65 3 8 54 1 2 6 142 2 2 8 112 3 6 67 2 2 8 97 3 10 115 2 2 7 52 3 8 140 1 2 8 148 1 2 7 57 2 1 5 144 2 7 122 
7 2 2 7 69 3 5 140 2 3 10 66 4 9 89 2 3 8 71 4 8 65 2 1 9 86 2 5 55 1 4 7 64 2 2 9 93 3 10 145 1 3 7 84 
6 2 1 6 96 4 7 86 2 1 8 111 2 9 123 1 3 6 96 1 1 9 93 1 4 6 99 2 1 7 59 4 5 78 
9 2 3 9 78 4 6 51 1 4 6 51 1 4 10 75 1 2 7 50 1 3 6 106 2 1 6 80 3 6 119 1 4 7 88 2 1 7 92 4 9 90 1 3 8 106 
5 2 1 7 59 4 8 52 2 2 10 52 4 7 60 2 2 8 68 3 9 106 2 2 8 139 3 5 146 1 3 6 125 
8 1 1 10 82 1 2 9 123 1 1 8 136 1 1 5 53 1 4 6 61 2 1 8 118 2 5 74 2 1 7 97 2 7 116 2 1 5 114 2 6 131 
9 1 1 7 88 2 1 9 132 2 8 130 1 4 7 57 2 1 9 142 2 6 104 2 1 9 66 4 6 68 2 1 9 98 3 10 50 2 1 10 86 3 8 126 2 1 5 93 4 9 62 1 1 10 85 
9 1 4 5 66 1 4 8 52 1 4 10 79 1 4 6 91 2 2 7 139 3 6 50 1 1 9 126 2 2 10 56 3 8 64 1 2 5 89 2 1 8 146 3 6 113 
7 1 3 8 57 2 2 6 71 4 10 58 2 1 10 136 2 10 76 2 1 10 60 2 9 61 2 2 8 60 4 5 55 2 2 8 50 3 8 91 2 1 8 60 4 10 61 
6 1 3 10 110 1 4 6 92 1 2 10 131 1 2 7 51 1 3 8 150 2 1 6 146 3 6 91 
7 1 1 8 64 1 1 10 111 2 2 6 66 4 10 61 1 4 5 88 2 2 7 149 3 8 100 1 1 7 122 1 3 9 85 
7 1 2 6 128 1 2 7 65 1 1 10 54 2 2 6 52 3 6 57 2 1 7 74 2 5 124 1 4 7 98 1 1 6 65 
7 2 1 9 144 2 6 82 2 1 5 93 3 7 53 1 2 6 52 1 4 10 79 1 2 8 74 2 1 8 105 2 10 51 2 1 5 132 2 5 89 
The start time and end time of STWs:
6 19 36 53 73 Inf 
