The number of jobs:
20
The number of in-house machines:
8
The number of outsourcing machines:
7
The processing time and cost of available machines for each operation:
12 2 6 19 71 14 13 59 2 6 19 68 10 6 57 4 7 14 68 10 14 69 11 10 73 14 15 79 5 1 5 82 2 11 56 5 15 97 10 11 74 15 13 69 3 1 19 126 4 13 84 5 18 146 3 3 11 52 9 10 83 14 18 91 5 6 5 75 7 20 98 10 16 59 13 17 55 14 14 60 5 1 19 54 2 5 88 3 14 59 5 17 72 10 11 64 3 8 10 68 11 14 54 13 13 93 2 3 10 97 15 11 89 2 3 14 76 14 13 81 4 1 15 54 2 16 71 3 19 79 12 7 62 
13 2 3 8 107 7 11 73 1 5 19 51 4 5 7 94 8 13 79 10 9 87 12 10 77 4 4 6 99 7 10 77 14 13 96 15 10 75 5 3 19 71 8 5 90 10 6 97 12 14 88 14 11 53 3 3 8 72 8 12 92 13 5 74 1 10 17 90 4 8 8 96 10 11 83 11 6 84 14 9 84 2 4 6 83 14 13 52 1 3 17 137 2 1 12 118 8 17 149 5 4 14 72 5 10 91 7 6 54 13 8 92 14 12 52 2 1 7 134 7 6 119 
11 2 3 5 76 15 16 76 5 2 5 75 5 8 79 6 9 65 7 11 59 8 16 145 5 1 17 71 3 13 87 6 6 90 13 17 53 14 6 66 3 2 10 137 3 7 96 7 12 109 4 8 18 81 10 14 82 11 10 77 13 16 59 3 2 20 67 10 6 83 13 9 62 5 2 17 87 3 7 62 6 6 72 13 18 79 14 6 92 4 1 11 98 3 16 53 12 16 57 15 20 90 2 2 14 109 8 7 119 4 3 16 97 4 19 64 9 13 68 12 6 89 3 3 15 55 5 8 52 9 14 75 
11 4 1 15 59 2 6 87 14 12 71 15 6 70 3 6 18 60 9 20 57 13 8 97 2 2 5 91 12 15 71 2 8 8 89 13 14 82 4 1 7 53 3 10 95 6 12 88 15 15 83 5 3 10 75 5 17 68 6 5 52 11 7 94 15 15 73 3 9 19 56 10 19 78 15 10 56 3 5 13 111 6 8 117 7 16 99 4 8 8 67 9 9 51 11 20 74 13 15 68 1 6 20 104 2 6 10 95 13 8 89 
14 5 1 7 90 7 12 98 8 17 73 9 14 93 15 7 94 1 5 5 59 1 1 9 123 3 4 15 59 14 17 86 15 10 88 1 8 16 92 2 1 7 86 12 15 99 1 15 8 91 2 1 14 69 11 5 86 2 12 8 55 15 10 95 2 9 10 60 12 17 71 3 1 10 93 10 10 94 14 7 61 4 2 13 76 3 7 91 4 20 85 11 14 61 1 10 9 60 5 1 5 82 3 14 76 7 11 68 9 6 78 15 9 64 
11 4 9 19 94 10 20 67 13 6 60 14 5 80 1 11 7 93 4 4 10 93 11 5 71 12 11 70 13 19 69 3 3 9 59 4 19 97 8 5 74 3 2 14 80 5 13 52 10 8 57 4 4 18 73 8 10 53 9 13 50 11 14 93 5 9 20 50 10 11 68 11 11 59 13 16 76 14 15 73 2 6 6 70 11 10 89 3 4 20 71 10 20 95 13 7 59 4 5 20 84 7 8 53 9 9 78 11 6 68 5 1 12 60 2 17 149 3 15 56 5 15 106 7 19 97 
14 5 3 13 51 6 13 80 7 8 91 8 12 92 14 10 53 1 9 8 62 3 1 15 87 3 17 98 5 6 99 1 14 12 63 4 5 7 91 9 6 82 12 17 92 13 12 94 5 3 11 91 4 7 70 8 19 81 10 16 68 15 14 90 3 12 15 90 13 10 54 14 7 68 1 9 8 85 2 2 17 98 12 6 75 2 5 18 56 13 14 62 2 1 11 69 7 16 74 4 5 13 92 8 9 56 9 16 75 14 16 62 1 13 8 63 4 6 5 94 7 16 95 13 18 69 14 8 74 
13 5 5 13 72 7 9 93 8 20 51 9 18 52 10 10 83 5 8 18 84 10 15 79 11 20 53 12 6 69 13 5 81 5 2 16 86 5 7 82 8 20 83 11 19 79 15 12 56 2 7 13 72 11 19 84 1 11 18 86 4 3 13 74 4 6 52 6 5 71 12 8 74 3 11 17 52 12 8 70 14 8 77 1 13 5 55 1 2 5 137 3 1 19 92 2 5 84 12 12 78 1 3 12 140 5 3 5 53 6 20 60 8 20 55 10 18 69 14 18 84 3 3 13 70 7 7 78 8 19 115 
11 2 3 11 113 8 16 66 1 7 9 139 1 13 6 79 2 12 10 88 14 12 87 4 4 12 51 5 7 72 11 5 60 15 16 96 5 3 12 77 7 18 68 8 11 66 12 18 68 13 16 56 2 4 6 68 15 20 88 3 1 7 87 5 18 66 13 18 70 1 6 20 147 2 7 10 85 12 17 64 4 3 13 63 4 10 88 8 9 94 10 20 61 
12 4 2 15 83 5 18 51 8 14 97 14 12 67 1 6 19 56 5 1 14 67 4 15 69 9 8 80 10 8 71 11 15 63 4 1 18 59 8 6 97 9 10 52 10 11 93 2 6 18 66 10 6 90 3 3 5 52 12 11 50 13 19 77 5 3 9 79 7 18 64 10 7 90 11 10 76 14 7 85 1 14 9 96 4 1 15 58 5 7 70 6 6 94 11 15 78 5 3 9 88 6 14 82 10 9 94 11 17 81 15 16 51 3 6 9 84 8 9 79 15 17 85 4 2 14 93 7 8 50 13 12 89 15 14 99 
10 1 15 7 87 1 4 10 64 3 4 5 94 8 9 60 13 16 50 4 4 11 83 5 19 69 13 9 72 14 5 61 2 3 18 74 13 9 66 1 9 10 71 4 4 9 68 10 11 84 12 14 81 13 9 61 1 15 9 58 3 4 17 92 5 14 90 9 6 65 3 5 5 80 6 11 63 10 20 79 
11 1 3 14 62 3 5 20 72 10 8 94 15 11 86 5 5 11 74 7 13 53 12 5 89 13 5 70 14 18 73 1 10 12 91 1 12 6 56 1 5 10 92 5 1 15 97 2 12 50 3 9 97 4 7 98 11 11 99 4 6 20 62 9 9 97 12 17 93 15 17 87 5 3 8 84 7 5 53 9 7 92 11 14 51 13 7 67 2 5 9 73 9 8 96 1 11 18 72 
11 2 9 16 55 13 10 73 4 1 12 97 2 11 115 4 14 55 5 6 50 4 1 10 75 5 19 64 7 6 56 13 11 97 2 3 10 73 11 6 87 4 2 5 68 7 6 74 13 12 82 15 10 78 4 7 7 72 10 5 62 11 10 68 14 17 90 4 2 18 84 4 16 87 10 10 72 14 20 93 1 1 14 73 4 4 6 61 5 10 73 6 17 96 14 12 53 5 2 14 54 7 5 54 10 14 56 14 15 85 15 20 77 4 2 10 99 5 11 93 7 18 60 15 12 61 
10 3 5 14 51 13 19 80 15 11 78 5 1 15 81 2 17 78 8 15 52 12 8 77 15 12 94 2 5 14 81 13 7 65 3 1 19 91 8 9 65 12 15 56 1 14 19 96 1 7 5 120 4 4 10 95 5 7 90 8 15 53 14 17 88 1 4 10 56 2 5 17 62 14 9 57 2 5 15 142 7 17 78 
12 3 2 13 111 4 20 64 7 18 123 5 1 15 97 4 7 62 10 8 97 11 6 58 14 10 73 4 2 9 69 7 17 76 11 6 90 14 7 99 4 3 17 83 4 7 55 5 8 91 12 17 63 3 2 20 70 12 16 84 14 16 68 2 4 14 53 12 16 66 1 13 8 55 5 5 15 90 8 7 78 9 17 60 10 18 94 11 18 77 4 2 17 80 9 8 90 11 5 67 15 5 52 5 6 6 82 7 20 59 9 16 81 10 9 82 13 13 69 4 5 6 62 7 14 66 9 12 89 12 11 54 5 1 12 56 6 10 55 9 19 52 10 17 79 11 5 70 
14 1 10 8 69 2 8 19 53 15 16 76 5 1 19 59 2 13 57 3 16 81 8 9 92 14 12 94 2 1 10 87 8 19 67 5 2 20 61 6 9 96 11 16 58 12 15 94 14 11 76 4 10 6 90 11 8 61 12 11 95 14 7 72 1 12 6 94 4 3 16 51 5 10 98 10 13 76 13 7 73 1 12 19 87 4 1 6 96 2 7 84 3 8 86 12 7 61 5 1 7 51 3 11 51 4 13 66 11 18 96 12 14 54 4 3 7 98 4 19 76 5 13 59 11 7 58 2 11 6 65 12 16 99 3 3 20 95 6 6 134 8 5 97 
13 2 11 17 57 12 20 82 2 3 17 55 13 18 90 4 2 17 52 3 12 97 9 9 56 11 20 71 4 3 16 70 4 9 54 8 17 75 11 5 70 2 2 12 99 15 11 59 3 5 6 81 14 13 58 15 15 53 1 5 16 122 3 6 10 88 9 7 54 10 6 89 1 1 7 102 3 1 20 73 9 10 61 14 19 56 1 3 5 142 5 3 10 84 5 17 91 7 19 82 9 9 82 10 15 70 3 1 8 84 13 9 57 14 17 82 
11 1 15 5 89 1 1 15 126 3 1 10 68 10 10 59 14 5 70 2 10 15 69 13 5 61 5 4 19 96 10 13 94 12 10 86 13 7 86 15 12 71 3 13 18 63 14 9 93 15 7 98 2 11 12 84 12 12 55 1 7 14 64 2 1 17 72 8 12 120 3 2 19 95 6 6 78 11 10 65 3 3 13 51 6 11 60 14 5 64 
13 2 10 19 65 13 10 86 2 1 11 68 14 9 87 5 1 13 77 7 13 84 11 16 65 13 17 73 14 13 94 5 2 20 96 4 7 71 10 18 59 11 7 97 12 13 97 5 3 5 95 4 10 97 5 18 58 10 9 56 13 15 86 1 11 9 93 4 1 13 62 5 19 71 6 17 90 11 16 82 5 2 20 90 7 19 74 11 19 86 13 13 83 14 10 62 4 8 8 54 9 6 81 11 5 71 14 17 60 2 6 13 95 12 18 83 4 4 11 64 5 14 61 10 13 64 11 9 71 3 2 16 56 11 12 54 12 5 50 4 1 6 64 8 6 94 10 8 50 13 7 84 
13 4 3 12 67 6 6 64 12 11 98 13 13 65 5 7 5 94 8 5 86 10 11 95 12 17 58 15 19 99 4 3 7 64 7 13 59 8 15 74 10 14 79 5 1 6 57 3 8 52 5 18 77 13 16 71 15 9 59 3 5 13 78 9 8 97 15 15 58 2 3 5 102 6 10 92 3 10 6 92 12 12 93 13 13 90 4 1 8 69 3 15 60 6 20 57 12 14 70 3 5 12 81 8 20 60 15 19 80 5 1 11 58 2 5 64 4 19 86 9 14 79 14 19 80 3 5 8 96 12 10 63 14 17 79 4 2 17 91 7 17 98 9 8 56 14 17 85 3 3 16 81 7 17 94 11 14 79 
The start time and end time of STWs:
7 35 61 91 123 160 200 227 249 Inf 
10 47 70 103 142 178 206 237 270 Inf 
19 40 75 98 129 163 185 219 252 Inf 
9 33 69 109 148 186 217 243 275 Inf 
9 44 73 102 136 156 180 220 249 Inf 
9 44 71 110 131 162 190 224 257 Inf 
7 34 66 95 126 155 191 226 257 Inf 
