The number of jobs:
15
The number of in-house machines:
6
The number of outsourcing machines:
2
The processing time and cost of available machines for each operation:
8 1 1 5 146 1 4 7 131 2 6 8 71 8 8 75 1 1 1 147 3 2 9 77 4 8 97 8 5 76 3 1 2 87 4 9 79 8 6 88 3 1 3 150 4 8 91 5 7 144 2 1 1 149 3 5 77 
7 3 4 7 146 5 6 102 6 1 78 1 1 9 50 3 4 1 92 5 5 77 7 10 99 3 1 3 87 2 9 71 8 8 63 1 3 1 114 3 1 3 84 5 3 88 8 10 78 2 7 1 80 8 4 59 
6 1 6 3 68 3 3 9 77 7 9 76 8 4 52 3 3 5 89 6 6 56 7 1 73 3 3 9 56 5 6 73 8 10 58 3 5 4 72 6 3 76 8 10 56 3 1 5 150 3 2 150 5 2 110 
5 3 4 2 95 5 10 143 6 3 52 2 2 1 92 5 8 91 1 4 5 83 3 1 7 99 7 10 91 8 7 73 3 3 7 69 4 10 121 6 9 58 
7 3 2 9 97 4 6 95 6 10 119 1 5 10 144 2 3 8 58 7 1 50 1 5 6 92 1 5 9 50 2 3 4 127 6 6 116 2 7 9 54 8 8 96 
9 3 4 6 72 6 6 96 8 4 74 1 8 2 90 2 1 9 84 7 6 91 3 2 9 81 5 9 73 8 6 83 1 6 1 87 3 5 2 98 7 7 65 8 1 51 3 1 6 110 2 2 50 3 5 125 3 2 7 81 5 6 146 6 1 55 3 1 3 60 2 7 91 8 7 55 
5 1 7 2 53 1 4 5 68 2 2 9 68 3 3 72 1 1 4 89 1 7 10 94 
6 3 5 1 80 6 2 98 8 2 74 1 2 8 137 2 5 2 57 7 6 92 2 1 1 109 2 5 88 2 2 4 121 3 2 64 2 2 4 73 3 3 62 
9 1 1 10 131 2 2 1 92 3 6 128 2 4 10 143 6 10 129 1 1 9 106 3 2 8 93 4 3 116 5 5 97 1 2 10 135 1 1 1 57 3 1 8 56 5 7 88 7 10 94 1 8 5 87 
5 2 3 2 54 5 7 85 3 3 4 96 4 5 54 6 1 107 3 1 8 68 3 1 144 5 2 109 3 3 4 78 4 1 124 6 8 68 3 1 3 63 5 5 72 8 6 94 
4 1 1 7 117 1 7 9 55 2 1 7 71 2 3 88 2 1 4 117 2 3 104 
6 1 3 4 74 1 3 10 72 1 8 10 98 3 1 3 57 7 10 64 8 2 74 2 1 6 56 5 9 87 2 3 10 140 5 7 72 
4 3 3 6 67 4 10 54 7 1 83 1 5 3 113 2 2 10 140 4 7 85 1 4 10 80 
3 1 2 7 56 2 2 2 70 7 9 64 3 2 10 82 4 6 92 6 7 95 
6 3 3 4 50 4 9 50 7 5 75 1 2 6 73 3 3 6 53 4 1 150 5 4 125 1 3 2 71 1 2 3 81 1 2 2 133 
The start time and end time of STWs:
7 26 43 53 70 Inf 
1 15 25 36 46 Inf 
