The number of jobs:
20
The number of in-house machines:
3
The number of outsourcing machines:
2
The processing time and cost of available machines for each operation:
5 3 1 11 61 4 2 70 5 12 72 4 1 11 94 2 1 68 4 11 51 5 14 91 3 1 13 79 4 6 53 5 5 56 5 1 12 77 2 7 84 3 13 60 4 12 69 5 11 85 2 1 1 148 3 5 95 
5 5 1 16 66 2 17 55 3 17 88 4 16 62 5 2 87 3 1 4 80 3 1 93 4 14 63 1 2 1 130 4 1 20 63 2 14 94 4 19 70 5 15 54 4 1 12 66 2 5 65 3 12 55 5 12 98 
5 4 1 20 59 3 19 71 4 5 77 5 6 68 3 2 6 79 4 18 98 5 20 82 3 3 1 72 4 7 95 5 1 71 5 1 16 88 2 2 51 3 19 80 4 1 94 5 11 74 4 1 14 63 2 7 90 3 6 83 4 6 75 
5 1 3 9 129 5 1 16 72 2 4 58 3 15 66 4 7 62 5 13 91 1 3 11 145 2 2 20 64 4 1 80 5 1 15 82 2 14 50 3 13 68 4 10 64 5 11 96 
5 4 2 5 96 3 16 71 4 18 56 5 1 82 2 1 9 69 3 1 132 2 3 17 50 5 18 79 1 1 17 112 5 1 19 65 2 15 69 3 17 92 4 12 68 5 13 56 
5 1 5 5 75 3 1 3 57 3 14 80 4 20 52 2 2 17 89 3 9 91 2 1 7 110 3 3 116 3 3 18 63 4 9 90 5 17 70 
5 2 2 14 50 5 16 54 5 1 10 83 2 3 67 3 6 61 4 16 79 5 1 63 1 5 16 69 1 4 11 66 2 1 3 142 2 10 86 
5 1 4 15 92 2 2 2 104 3 16 102 5 1 18 51 2 13 71 3 6 86 4 19 78 5 11 91 2 1 3 57 5 10 87 2 3 20 84 5 18 58 
5 2 1 10 65 4 20 94 4 1 4 88 3 2 75 4 5 65 5 13 93 4 1 15 60 2 1 71 4 12 99 5 8 95 4 1 13 78 2 19 88 3 14 88 5 20 77 2 1 20 120 3 18 99 
5 5 1 4 73 2 1 87 3 18 87 4 11 60 5 14 54 2 1 15 121 2 17 95 4 1 13 67 2 12 77 3 12 96 4 15 69 5 1 4 88 2 1 52 3 5 93 4 9 85 5 12 80 3 1 1 56 2 9 132 3 6 132 
5 3 1 14 67 2 12 64 5 12 67 4 2 3 81 3 6 70 4 17 56 5 9 50 1 3 4 87 2 1 20 89 5 18 80 2 1 5 143 3 6 143 
5 4 1 1 79 2 7 51 3 2 76 5 12 72 2 2 13 83 3 18 59 2 2 9 102 3 11 141 5 1 1 93 2 12 75 3 4 61 4 13 65 5 7 69 1 4 19 55 
5 1 1 11 72 5 1 3 54 2 14 99 3 9 79 4 7 81 5 7 59 1 1 18 67 3 3 1 72 4 5 70 5 8 55 5 1 3 58 2 18 80 3 8 74 4 20 63 5 16 65 
5 4 1 2 50 2 15 50 4 6 75 5 2 62 4 2 8 54 3 2 81 4 19 90 5 17 50 3 3 2 89 4 12 69 5 11 84 3 1 6 58 2 16 81 3 13 76 5 1 14 59 2 11 91 3 11 66 4 11 51 5 20 61 
5 1 3 9 134 2 1 3 134 2 1 118 1 2 4 84 1 5 18 50 2 1 11 84 5 7 64 
5 5 1 2 80 2 20 81 3 4 98 4 12 96 5 1 62 2 3 18 71 5 3 99 4 2 5 59 3 10 86 4 3 50 5 10 51 3 1 19 79 2 10 55 4 15 58 4 1 7 88 3 13 90 4 5 65 5 2 69 
5 1 5 7 80 5 1 2 85 2 15 73 3 15 68 4 1 99 5 9 66 1 2 18 91 5 1 19 75 2 11 65 3 4 81 4 18 85 5 12 92 3 1 10 97 4 9 67 5 7 71 
5 4 1 14 87 2 2 93 3 19 89 5 17 97 5 1 2 67 2 5 68 3 5 80 4 16 98 5 18 84 2 3 6 54 5 18 87 1 3 5 77 3 1 3 70 2 8 66 5 13 65 
5 3 1 15 67 3 11 68 5 6 94 5 1 20 81 2 20 60 3 19 83 4 5 52 5 15 91 3 3 20 96 4 16 95 5 10 82 4 1 17 63 2 16 92 3 19 61 5 8 95 4 1 14 69 2 14 61 3 19 59 5 10 63 
5 3 2 15 95 4 19 84 5 6 94 2 2 10 69 5 15 56 2 3 17 74 5 17 56 5 1 15 69 2 8 71 3 7 99 4 4 55 5 3 52 4 1 11 98 2 15 60 4 2 51 5 8 73 
The start time and end time of STWs:
15 48 71 92 128 Inf 
2 42 71 93 116 Inf 
