The number of jobs:
15
The number of in-house machines:
5
The number of outsourcing machines:
3
The processing time and cost of available machines for each operation:
10 4 4 8 91 5 16 68 7 16 79 8 19 71 1 6 12 71 5 2 7 73 4 19 50 5 17 71 6 11 95 8 16 72 5 1 12 72 2 10 53 4 5 71 5 11 84 8 4 83 4 1 11 84 3 16 71 6 16 85 7 16 63 5 2 19 78 4 4 61 6 19 62 7 12 93 8 20 62 4 4 7 88 6 12 51 7 6 66 8 14 78 2 2 3 50 8 1 63 5 1 9 150 2 8 74 3 8 142 4 12 79 5 19 89 4 5 1 56 6 2 53 7 13 73 8 16 73 
10 5 2 9 83 3 9 69 4 5 64 7 17 51 8 17 53 5 2 2 76 3 14 90 4 15 63 5 8 55 8 12 56 1 8 3 51 5 1 4 54 2 3 87 3 5 56 5 17 86 8 16 83 1 8 11 88 1 5 17 111 2 2 8 53 5 2 143 5 2 10 81 3 20 93 5 5 79 6 20 67 8 12 89 5 1 3 63 2 4 99 3 10 89 6 7 68 7 4 87 5 3 9 56 4 1 90 6 20 92 7 10 65 8 7 88 
10 2 2 7 92 6 7 94 3 3 9 50 6 12 98 8 19 59 1 5 3 114 2 1 10 135 2 19 129 4 4 20 82 5 5 63 6 11 65 8 14 70 4 1 1 71 2 18 78 4 7 79 6 14 68 4 2 12 66 4 16 71 6 19 62 7 5 64 5 3 16 87 4 17 75 5 4 97 6 1 63 8 15 76 4 1 8 79 2 9 64 4 3 97 8 12 70 5 1 1 63 4 16 61 5 3 63 7 6 61 8 20 93 
10 2 3 16 95 4 4 138 2 2 14 67 6 8 93 1 5 8 65 2 5 7 79 8 20 63 1 2 2 81 3 1 2 69 2 1 97 4 19 112 4 3 3 67 4 11 52 5 8 50 6 8 73 2 2 19 57 4 11 132 4 2 10 96 5 9 54 7 12 99 8 13 77 3 1 9 60 2 5 55 6 2 81 
10 5 3 8 63 5 10 69 6 3 80 7 3 76 8 7 76 3 2 15 99 5 17 85 6 8 50 3 5 3 93 6 11 94 8 19 91 4 1 12 91 3 15 90 4 13 57 7 13 67 5 1 1 99 3 8 82 5 7 66 6 10 59 7 8 97 1 4 4 82 4 1 3 93 2 4 53 3 10 74 5 11 82 2 1 6 94 7 17 57 2 3 6 77 6 12 70 4 2 7 66 5 8 72 6 20 66 7 2 88 
10 3 3 16 64 7 6 54 8 14 66 4 1 18 63 2 4 65 4 6 74 7 8 75 5 3 20 59 4 13 50 5 10 92 7 3 97 8 16 85 3 3 18 51 6 15 77 8 20 88 4 1 2 57 2 18 67 6 19 66 7 4 93 4 2 7 74 3 7 51 4 5 89 7 20 99 1 1 5 62 2 2 17 52 5 18 126 1 4 4 130 1 5 19 137 
10 2 3 15 60 5 7 114 5 1 5 84 2 2 52 4 12 53 5 11 93 6 18 60 5 1 6 77 2 5 69 6 3 74 7 13 53 8 15 59 2 5 1 75 6 18 68 5 2 20 95 3 9 97 5 16 51 6 20 61 7 3 79 1 3 20 97 1 8 7 70 2 2 15 88 7 6 56 3 1 18 96 3 6 81 7 1 51 2 4 5 66 7 8 81 
10 3 1 10 60 5 4 93 7 10 54 2 4 13 61 8 3 91 5 1 10 64 2 2 77 3 9 77 6 4 87 8 15 72 4 1 20 87 5 8 63 6 12 62 8 15 85 2 2 11 96 5 9 63 4 1 16 91 5 13 90 7 12 80 8 4 78 2 2 5 52 8 3 96 1 5 5 125 1 5 20 134 3 3 12 70 4 8 150 5 17 149 
10 1 8 15 84 4 1 17 149 2 2 147 3 9 121 5 12 69 4 1 20 85 2 10 94 3 4 65 8 11 63 2 3 18 99 6 11 80 1 4 20 58 4 1 20 98 3 11 63 5 1 80 7 2 55 1 5 18 131 5 1 5 93 4 6 54 5 9 58 7 15 67 8 6 76 1 4 11 71 2 3 12 72 5 20 127 
10 5 2 17 94 3 12 50 4 10 91 6 13 79 7 10 99 3 2 18 52 3 12 69 7 3 59 4 2 18 80 6 8 55 7 8 90 8 4 51 1 7 20 86 5 3 1 53 4 10 93 6 4 66 7 13 64 8 13 52 2 2 20 70 7 16 68 4 4 5 88 5 16 59 6 7 85 8 17 87 1 4 17 149 3 3 17 85 6 19 60 8 20 53 2 6 7 76 7 12 84 
10 3 1 2 109 4 17 108 5 16 57 5 1 20 97 4 15 92 5 16 91 6 11 67 7 18 98 2 2 14 59 8 1 62 5 1 15 66 2 9 55 4 19 86 7 14 99 8 15 56 1 2 2 70 5 3 3 71 4 14 83 6 11 63 7 12 58 8 20 98 3 3 3 72 5 19 64 6 17 71 1 3 5 77 1 7 19 59 4 1 7 89 3 4 91 4 4 91 7 15 65 
10 1 3 18 107 3 2 17 63 4 11 98 8 15 80 1 1 14 54 4 5 11 62 6 16 79 7 5 74 8 18 75 1 6 11 87 2 3 4 142 4 11 62 3 3 14 76 5 6 93 7 10 92 2 2 8 85 6 4 90 5 1 12 63 3 19 62 4 6 65 7 20 72 8 1 66 1 6 12 69 
10 2 5 10 80 7 2 99 4 2 8 52 4 15 93 6 18 68 8 9 53 2 2 14 61 3 8 53 5 1 20 94 3 15 50 4 15 96 7 12 64 8 4 88 2 3 16 65 6 11 93 5 1 16 62 2 12 64 3 1 61 6 9 72 7 6 60 5 1 9 73 2 13 76 3 8 55 6 13 59 7 20 57 5 2 2 89 5 19 91 6 3 74 7 16 90 8 20 65 5 3 19 74 5 15 99 6 8 97 7 14 93 8 14 88 5 1 20 73 2 2 98 3 16 53 4 20 88 6 19 84 
10 3 4 10 53 5 10 71 6 15 64 5 1 9 79 3 5 82 6 4 85 7 6 85 8 5 51 5 1 3 81 3 18 88 6 7 78 7 18 80 8 6 79 5 3 17 68 4 6 53 6 3 89 7 13 73 8 8 79 3 4 14 74 6 11 50 8 18 73 3 3 4 78 5 15 82 6 9 82 2 1 18 115 5 10 147 1 5 17 60 5 1 14 59 5 6 93 6 17 99 7 17 67 8 6 85 2 2 7 88 7 5 90 
10 1 7 17 73 4 4 9 73 6 2 65 7 3 65 8 19 96 1 8 6 91 1 4 7 106 2 3 2 91 8 5 94 4 1 6 139 2 1 110 3 13 85 4 7 99 2 1 5 89 8 5 54 3 2 7 50 4 8 78 7 16 69 1 3 18 118 1 4 5 67 
The start time and end time of STWs:
4 26 55 83 111 137 174 Inf 
17 48 85 119 152 188 228 Inf 
13 42 68 107 147 172 193 Inf 
