The number of jobs:
20
The number of in-house machines:
10
The number of outsourcing machines:
5
The processing time and cost of available machines for each operation:
12 2 6 19 82 14 13 70 2 6 19 78 10 6 102 4 7 14 85 10 14 87 11 10 70 14 15 66 5 1 5 96 2 11 64 5 15 96 10 11 53 15 13 97 3 1 19 131 4 13 87 5 18 135 3 3 11 81 9 10 94 14 18 73 5 6 5 84 7 20 63 10 16 92 13 17 83 14 14 82 5 1 19 82 2 5 76 3 14 101 5 17 140 10 11 62 3 8 10 97 11 14 97 13 13 64 2 3 10 53 15 11 78 2 3 14 62 14 13 92 4 1 15 65 2 16 65 3 19 95 12 7 70 
13 2 3 8 68 7 11 117 1 5 19 60 4 5 7 93 8 13 83 10 9 58 12 10 74 4 4 6 64 7 10 90 14 13 53 15 10 78 5 3 19 78 8 5 79 10 6 63 12 14 76 14 11 77 3 3 8 77 8 12 64 13 5 54 1 10 17 51 4 8 8 54 10 11 86 11 6 69 14 9 85 2 4 6 88 14 13 94 1 3 17 83 2 1 12 99 8 17 67 5 4 14 92 5 10 76 7 6 92 13 8 53 14 12 96 2 1 7 77 7 6 82 
11 2 3 5 72 15 16 89 5 2 5 82 5 8 124 6 9 57 7 11 94 8 16 52 5 1 17 53 3 13 59 6 6 52 13 17 90 14 6 57 3 2 10 94 3 7 70 7 12 74 4 8 18 73 10 14 80 11 10 74 13 16 74 3 2 20 76 10 6 66 13 9 58 5 2 17 91 3 7 68 6 6 91 13 18 63 14 6 69 4 1 11 56 3 16 91 12 16 60 15 20 65 2 2 14 113 8 7 101 4 3 16 88 4 19 77 9 13 99 12 6 99 3 3 15 137 5 8 141 9 14 65 
11 4 1 15 88 2 6 69 14 12 68 15 6 61 3 6 18 90 9 20 61 13 8 69 2 2 5 74 12 15 69 2 8 8 95 13 14 76 4 1 7 87 3 10 69 6 12 67 15 15 64 5 3 10 83 5 17 96 6 5 82 11 7 75 15 15 54 3 9 19 94 10 19 59 15 10 68 3 5 13 131 6 8 58 7 16 94 4 8 8 89 9 9 98 11 20 72 13 15 69 1 6 20 90 2 6 10 97 13 8 52 
14 5 1 7 91 7 12 51 8 17 87 9 14 88 15 7 62 1 5 5 80 1 1 9 121 3 4 15 59 14 17 54 15 10 65 1 8 16 114 2 1 7 53 12 15 71 1 15 8 79 2 1 14 62 11 5 53 2 12 8 83 15 10 96 2 9 10 96 12 17 94 3 1 10 76 10 10 64 14 7 95 4 2 13 78 3 7 58 4 20 83 11 14 72 1 10 9 73 5 1 5 97 3 14 62 7 11 89 9 6 96 15 9 95 
11 4 9 19 87 10 20 73 13 6 88 14 5 59 1 11 7 94 4 4 10 55 11 5 70 12 11 96 13 19 91 3 3 9 91 4 19 112 8 5 62 3 2 14 95 5 13 108 10 8 73 4 4 18 84 8 10 69 9 13 91 11 14 52 5 9 20 83 10 11 83 11 11 65 13 16 94 14 15 61 2 6 6 80 11 10 89 3 4 20 58 10 20 84 13 7 98 4 5 20 60 7 8 60 9 9 71 11 6 51 5 1 12 76 2 17 77 3 15 86 5 15 58 7 19 129 
14 5 3 13 93 6 13 88 7 8 62 8 12 88 14 10 66 1 9 8 73 3 1 15 97 3 17 139 5 6 69 1 14 12 67 4 5 7 83 9 6 56 12 17 92 13 12 93 5 3 11 97 4 7 75 8 19 82 10 16 65 15 14 77 3 12 15 92 13 10 52 14 7 70 1 9 8 112 2 2 17 57 12 6 70 2 5 18 87 13 14 71 2 1 11 103 7 16 117 4 5 13 67 8 9 80 9 16 84 14 16 56 1 13 8 93 4 6 5 64 7 16 61 13 18 82 14 8 85 
13 5 5 13 52 7 9 55 8 20 118 9 18 94 10 10 133 5 8 18 64 10 15 97 11 20 76 12 6 59 13 5 61 5 2 16 60 5 7 91 8 20 59 11 19 90 15 12 67 2 7 13 68 11 19 96 1 11 18 99 4 3 13 59 4 6 86 6 5 65 12 8 80 3 11 17 63 12 8 52 14 8 59 1 13 5 96 1 2 5 105 3 1 19 89 2 5 76 12 12 76 1 3 12 62 5 3 5 56 6 20 87 8 20 79 10 18 83 14 18 54 3 3 13 103 7 7 120 8 19 139 
11 2 3 11 56 8 16 118 1 7 9 100 1 13 6 59 2 12 10 55 14 12 77 4 4 12 93 5 7 76 11 5 64 15 16 53 5 3 12 54 7 18 91 8 11 99 12 18 80 13 16 50 2 4 6 65 15 20 78 3 1 7 93 5 18 75 13 18 55 1 6 20 106 2 7 10 65 12 17 93 4 3 13 88 4 10 84 8 9 69 10 20 96 
12 4 2 15 62 5 18 89 8 14 84 14 12 70 1 6 19 132 5 1 14 94 4 15 72 9 8 62 10 8 87 11 15 67 4 1 18 67 8 6 116 9 10 142 10 11 99 2 6 18 59 10 6 133 3 3 5 69 12 11 92 13 19 60 5 3 9 65 7 18 72 10 7 74 11 10 59 14 7 63 1 14 9 66 4 1 15 88 5 7 81 6 6 81 11 15 76 5 3 9 89 6 14 98 10 9 59 11 17 78 15 16 80 3 6 9 95 8 9 50 15 17 91 4 2 14 81 7 8 64 13 12 58 15 14 76 
10 1 15 7 68 1 4 10 133 3 4 5 86 8 9 90 13 16 83 4 4 11 87 5 19 88 13 9 74 14 5 68 2 3 18 88 13 9 83 1 9 10 82 4 4 9 65 10 11 92 12 14 88 13 9 66 1 15 9 63 3 4 17 150 5 14 108 9 6 150 3 5 5 123 6 11 58 10 20 92 
11 1 3 14 81 3 5 20 90 10 8 98 15 11 69 5 5 11 99 7 13 64 12 5 71 13 5 72 14 18 71 1 10 12 135 1 12 6 70 1 5 10 104 5 1 15 67 2 12 67 3 9 96 4 7 92 11 11 80 4 6 20 70 9 9 73 12 17 63 15 17 81 5 3 8 76 7 5 54 9 7 61 11 14 86 13 7 98 2 5 9 62 9 8 63 1 11 18 82 
11 2 9 16 85 13 10 67 4 1 12 74 2 11 113 4 14 142 5 6 72 4 1 10 81 5 19 52 7 6 90 13 11 71 2 3 10 51 11 6 76 4 2 5 64 7 6 76 13 12 59 15 10 98 4 7 7 67 10 5 88 11 10 99 14 17 77 4 2 18 60 4 16 62 10 10 96 14 20 98 1 1 14 72 4 4 6 94 5 10 51 6 17 86 14 12 75 5 2 14 89 7 5 57 10 14 71 14 15 81 15 20 55 4 2 10 60 5 11 99 7 18 98 15 12 82 
10 3 5 14 89 13 19 78 15 11 92 5 1 15 75 2 17 90 8 15 61 12 8 57 15 12 78 2 5 14 53 13 7 65 3 1 19 71 8 9 81 12 15 62 1 14 19 75 1 7 5 134 4 4 10 81 5 7 52 8 15 93 14 17 77 1 4 10 133 2 5 17 71 14 9 59 2 5 15 66 7 17 69 
12 3 2 13 150 4 20 74 7 18 53 5 1 15 57 4 7 96 10 8 65 11 6 71 14 10 75 4 2 9 83 7 17 58 11 6 59 14 7 95 4 3 17 54 4 7 82 5 8 89 12 17 90 3 2 20 69 12 16 90 14 16 64 2 4 14 82 12 16 96 1 13 8 87 5 5 15 78 8 7 71 9 17 80 10 18 83 11 18 57 4 2 17 76 9 8 97 11 5 61 15 5 90 5 6 6 53 7 20 53 9 16 82 10 9 62 13 13 63 4 5 6 56 7 14 63 9 12 95 12 11 51 5 1 12 57 6 10 92 9 19 92 10 17 91 11 5 81 
14 1 10 8 77 2 8 19 75 15 16 60 5 1 19 60 2 13 59 3 16 60 8 9 82 14 12 79 2 1 10 147 8 19 150 5 2 20 78 6 9 72 11 16 70 12 15 90 14 11 69 4 10 6 79 11 8 51 12 11 92 14 7 91 1 12 6 65 4 3 16 55 5 10 60 10 13 53 13 7 53 1 12 19 54 4 1 6 96 2 7 80 3 8 93 12 7 63 5 1 7 75 3 11 75 4 13 96 11 18 83 12 14 86 4 3 7 89 4 19 90 5 13 66 11 7 55 2 11 6 83 12 16 52 3 3 20 119 6 6 118 8 5 130 
13 2 11 17 89 12 20 67 2 3 17 92 13 18 86 4 2 17 65 3 12 77 9 9 71 11 20 84 4 3 16 61 4 9 53 8 17 59 11 5 60 2 2 12 50 15 11 88 3 5 6 75 14 13 79 15 15 71 1 5 16 100 3 6 10 69 9 7 73 10 6 72 1 1 7 110 3 1 20 62 9 10 90 14 19 69 1 3 5 84 5 3 10 74 5 17 138 7 19 104 9 9 58 10 15 60 3 1 8 85 13 9 93 14 17 91 
11 1 15 5 76 1 1 15 85 3 1 10 86 10 10 60 14 5 53 2 10 15 62 13 5 52 5 4 19 96 10 13 76 12 10 81 13 7 96 15 12 85 3 13 18 68 14 9 50 15 7 62 2 11 12 61 12 12 90 1 7 14 133 2 1 17 118 8 12 88 3 2 19 88 6 6 76 11 10 96 3 3 13 57 6 11 85 14 5 70 
13 2 10 19 86 13 10 96 2 1 11 71 14 9 92 5 1 13 65 7 13 86 11 16 95 13 17 68 14 13 83 5 2 20 80 4 7 62 10 18 66 11 7 79 12 13 89 5 3 5 92 4 10 68 5 18 97 10 9 87 13 15 56 1 11 9 75 4 1 13 89 5 19 87 6 17 57 11 16 81 5 2 20 99 7 19 60 11 19 82 13 13 73 14 10 68 4 8 8 68 9 6 67 11 5 85 14 17 84 2 6 13 88 12 18 69 4 4 11 99 5 14 87 10 13 96 11 9 83 3 2 16 60 11 12 55 12 5 91 4 1 6 92 8 6 60 10 8 79 13 7 92 
13 4 3 12 70 6 6 56 12 11 73 13 13 80 5 7 5 80 8 5 71 10 11 68 12 17 55 15 19 75 4 3 7 139 7 13 57 8 15 125 10 14 149 5 1 6 70 3 8 54 5 18 90 13 16 73 15 9 80 3 5 13 82 9 8 86 15 15 81 2 3 5 140 6 10 57 3 10 6 50 12 12 67 13 13 78 4 1 8 85 3 15 83 6 20 99 12 14 74 3 5 12 59 8 20 81 15 19 74 5 1 11 57 2 5 56 4 19 58 9 14 68 14 19 82 3 5 8 69 12 10 54 14 17 73 4 2 17 51 7 17 51 9 8 67 14 17 68 3 3 16 77 7 17 75 11 14 67 
The start time and end time of STWs:
7 29 64 99 134 172 202 237 271 Inf 
7 41 72 105 127 148 173 203 230 Inf 
12 44 74 103 134 172 201 234 272 Inf 
19 46 70 93 130 166 203 223 249 Inf 
8 33 72 93 128 166 198 221 243 Inf 
