The number of jobs:
10
The number of in-house machines:
8
The number of outsourcing machines:
7
The processing time and cost of available machines for each operation:
15 5 1 1 80 3 5 51 7 6 98 9 9 75 11 8 65 5 5 9 85 6 2 73 8 8 67 14 7 78 15 4 97 4 1 1 80 3 7 87 9 2 50 10 6 58 1 12 4 60 5 2 8 55 3 2 71 5 8 60 7 6 92 11 8 96 5 1 5 63 5 7 76 6 6 51 7 2 78 15 3 97 5 3 7 79 4 7 92 8 6 94 9 1 93 13 1 59 5 1 1 86 5 10 90 12 6 51 13 9 72 15 6 51 4 5 10 76 9 3 80 10 7 86 12 8 52 1 12 7 85 5 4 2 64 7 4 96 8 7 93 13 1 51 14 2 95 4 4 10 98 7 5 58 12 9 94 13 7 85 2 4 5 129 7 7 70 2 12 5 60 13 7 95 2 2 10 127 4 6 75 
15 5 3 8 79 4 3 81 5 5 80 7 10 67 9 5 90 2 3 1 61 15 7 64 2 11 3 95 13 4 81 3 3 2 60 5 2 66 13 2 82 1 12 6 70 4 2 4 62 6 3 94 7 10 60 14 9 69 3 4 9 64 13 6 68 15 3 96 3 4 2 79 10 8 79 12 10 62 3 1 6 58 10 7 93 15 7 53 1 10 8 93 5 7 7 95 8 8 99 10 3 53 14 3 75 15 7 78 3 1 8 88 7 5 71 14 5 69 2 13 1 83 15 5 59 1 10 9 54 3 3 3 67 9 7 53 10 1 53 
15 4 2 8 77 5 4 81 10 6 72 15 7 81 5 7 4 89 9 9 56 10 7 63 14 8 96 15 8 91 2 3 1 75 15 5 55 4 5 8 92 6 10 64 11 10 63 14 5 86 2 4 10 103 5 8 124 4 3 5 87 5 6 73 7 3 53 13 1 96 5 1 2 93 3 10 74 4 1 72 8 7 63 14 6 68 3 6 8 70 7 3 88 9 7 74 5 1 5 56 7 10 81 12 4 86 13 10 86 15 1 91 4 1 8 95 7 9 87 12 4 91 15 1 91 1 10 1 78 1 8 1 135 5 3 7 99 5 5 99 7 9 77 8 10 89 15 9 94 1 7 8 98 4 3 3 97 6 1 88 11 5 90 15 7 94 
15 4 3 5 72 4 6 75 9 5 97 13 2 59 1 13 6 89 1 3 2 123 4 3 8 63 4 6 76 5 3 88 15 5 91 1 2 6 109 1 15 10 53 1 11 5 61 1 4 8 101 3 5 5 70 6 10 98 14 2 95 3 1 9 79 2 7 109 8 3 114 2 4 5 54 14 7 65 2 13 10 68 14 5 96 1 9 5 83 2 3 5 65 12 2 88 1 12 3 72 
15 3 5 8 93 6 8 95 15 2 95 2 1 7 62 3 3 64 3 2 5 102 6 9 78 8 9 100 2 10 8 52 12 5 73 3 1 5 143 5 10 72 6 1 75 3 3 8 97 10 8 82 11 1 67 5 1 6 97 3 6 80 6 10 77 12 10 65 14 6 82 3 4 5 81 5 2 61 9 5 97 3 7 3 79 9 6 82 13 8 66 4 1 10 75 8 3 88 11 9 60 15 3 99 4 2 8 63 6 2 54 11 8 70 14 1 92 2 4 6 61 10 9 99 2 1 10 55 9 6 53 5 2 8 52 7 8 97 8 9 66 11 3 73 12 10 79 4 6 10 99 7 7 52 9 5 64 13 7 79 
15 5 1 4 84 5 8 63 12 2 95 13 1 98 15 5 89 3 8 7 96 10 1 65 14 9 94 5 6 8 67 7 5 87 10 1 61 14 5 73 15 6 66 1 1 10 79 4 2 8 50 5 6 75 6 7 53 11 6 58 4 5 7 94 7 6 79 8 5 52 11 7 79 5 1 10 77 4 4 66 10 2 97 12 7 68 15 9 83 5 3 6 68 5 3 63 9 1 93 11 7 61 15 5 80 1 5 5 98 2 7 5 76 15 7 60 5 1 9 55 2 3 87 4 10 95 7 10 73 15 1 72 5 2 2 50 3 6 87 7 6 65 9 3 77 15 1 89 5 2 6 51 4 7 81 6 2 88 9 10 85 10 8 90 1 3 2 84 3 4 8 67 8 7 87 14 7 75 
15 1 6 1 52 3 2 4 74 7 8 66 9 4 95 3 2 3 83 3 1 90 13 9 98 1 12 5 69 4 1 3 97 10 2 72 13 10 64 15 5 72 1 3 6 50 1 9 1 65 2 8 1 65 11 9 64 1 3 7 54 1 6 7 94 5 6 7 90 8 2 90 11 8 85 12 9 66 14 3 60 5 4 6 88 5 7 73 10 5 58 11 2 87 14 9 98 4 4 5 74 7 6 61 8 10 84 10 7 65 5 3 6 66 7 9 68 12 3 89 13 5 59 15 6 71 5 5 10 65 9 5 55 11 10 66 12 5 92 14 7 78 
15 1 10 1 65 1 10 8 65 2 13 2 85 15 7 81 1 8 1 64 4 1 8 57 12 1 73 14 6 97 15 2 99 4 1 6 74 12 5 76 13 1 52 14 7 89 2 12 8 57 13 8 91 5 3 6 81 4 9 97 5 1 90 13 10 75 15 6 67 2 4 7 93 10 3 70 5 3 8 94 4 4 62 5 4 72 11 3 70 14 10 92 5 6 7 96 10 6 53 12 7 69 14 8 96 15 3 51 4 1 1 68 2 5 62 3 5 59 11 9 73 1 7 5 76 2 4 8 57 9 9 67 3 5 7 76 10 9 66 13 7 76 
15 5 5 7 61 7 3 80 11 6 96 12 8 59 15 3 83 5 5 5 93 6 1 57 7 10 70 14 8 63 15 6 66 1 12 3 67 4 2 9 94 6 6 95 11 4 64 14 9 65 3 8 6 69 12 8 92 14 1 96 5 2 7 82 4 5 90 7 9 54 9 9 58 15 6 94 2 2 3 84 8 10 146 2 4 1 112 5 10 62 2 1 7 51 9 5 85 4 2 7 57 3 9 87 8 10 65 15 5 70 3 8 6 76 12 2 93 15 4 68 3 1 9 66 5 7 77 12 6 80 1 9 8 77 5 2 9 72 3 3 80 6 9 84 12 3 82 15 3 65 1 7 10 127 
15 2 5 7 90 10 7 88 1 8 7 143 3 3 4 81 4 5 62 9 6 57 4 4 4 52 6 5 61 8 4 88 12 1 82 2 8 7 50 11 4 59 4 5 4 73 7 1 88 10 10 90 11 6 92 3 1 8 64 11 4 51 12 7 72 3 1 5 69 4 9 64 12 1 76 2 3 4 64 14 8 57 3 3 2 65 8 8 96 12 7 88 5 3 8 55 5 6 63 6 8 79 11 10 73 12 4 72 3 5 8 72 7 2 134 8 9 130 5 2 3 51 3 1 76 4 4 88 12 3 80 14 3 79 1 2 8 76 2 2 9 135 6 8 127 
The start time and end time of STWs:
2 20 30 43 62 74 91 Inf 
3 13 25 38 54 65 80 Inf 
7 19 35 48 59 72 91 Inf 
5 15 29 40 53 73 83 Inf 
8 28 47 65 78 89 109 Inf 
6 23 39 51 62 77 94 Inf 
3 14 28 46 62 79 91 Inf 
