The number of jobs:
20
The number of in-house machines:
12
The number of outsourcing machines:
3
The processing time and cost of available machines for each operation:
12 2 6 19 50 14 13 89 2 6 19 79 10 6 96 4 7 14 65 10 14 62 11 10 81 14 15 95 5 1 5 99 2 11 86 5 15 54 10 11 97 15 13 94 3 1 19 85 4 13 100 5 18 132 3 3 11 88 9 10 67 14 18 60 5 6 5 60 7 20 75 10 16 53 13 17 55 14 14 89 5 1 19 87 2 5 110 3 14 75 5 17 137 10 11 79 3 8 10 61 11 14 99 13 13 67 2 3 10 57 15 11 51 2 3 14 50 14 13 94 4 1 15 131 2 16 74 3 19 68 12 7 75 
13 2 3 8 52 7 11 72 1 5 19 150 4 5 7 117 8 13 113 10 9 121 12 10 86 4 4 6 57 7 10 98 14 13 53 15 10 56 5 3 19 86 8 5 73 10 6 98 12 14 85 14 11 69 3 3 8 80 8 12 99 13 5 83 1 10 17 62 4 8 8 53 10 11 72 11 6 65 14 9 50 2 4 6 59 14 13 88 1 3 17 149 2 1 12 124 8 17 89 5 4 14 69 5 10 58 7 6 85 13 8 77 14 12 54 2 1 7 84 7 6 91 
11 2 3 5 71 15 16 77 5 2 5 102 5 8 95 6 9 121 7 11 91 8 16 88 5 1 17 92 3 13 58 6 6 72 13 17 70 14 6 99 3 2 10 141 3 7 132 7 12 126 4 8 18 74 10 14 60 11 10 84 13 16 68 3 2 20 71 10 6 72 13 9 97 5 2 17 91 3 7 87 6 6 54 13 18 78 14 6 88 4 1 11 57 3 16 99 12 16 53 15 20 89 2 2 14 114 8 7 99 4 3 16 149 4 19 77 9 13 84 12 6 100 3 3 15 134 5 8 62 9 14 62 
11 4 1 15 72 2 6 77 14 12 87 15 6 71 3 6 18 79 9 20 95 13 8 76 2 2 5 99 12 15 71 2 8 8 87 13 14 85 4 1 7 53 3 10 72 6 12 57 15 15 58 5 3 10 87 5 17 91 6 5 82 11 7 75 15 15 83 3 9 19 98 10 19 55 15 10 82 3 5 13 85 6 8 139 7 16 86 4 8 8 84 9 9 93 11 20 65 13 15 78 1 6 20 139 2 6 10 59 13 8 70 
14 5 1 7 64 7 12 50 8 17 87 9 14 51 15 7 90 1 5 5 69 1 1 9 63 3 4 15 53 14 17 59 15 10 97 1 8 16 100 2 1 7 149 12 15 119 1 15 8 55 2 1 14 80 11 5 59 2 12 8 61 15 10 51 2 9 10 73 12 17 145 3 1 10 61 10 10 62 14 7 54 4 2 13 77 3 7 150 4 20 138 11 14 104 1 10 9 110 5 1 5 89 3 14 64 7 11 63 9 6 95 15 9 54 
11 4 9 19 70 10 20 93 13 6 79 14 5 98 1 11 7 95 4 4 10 64 11 5 71 12 11 54 13 19 51 3 3 9 133 4 19 55 8 5 60 3 2 14 105 5 13 136 10 8 100 4 4 18 127 8 10 139 9 13 51 11 14 75 5 9 20 57 10 11 81 11 11 81 13 16 92 14 15 74 2 6 6 91 11 10 107 3 4 20 98 10 20 63 13 7 80 4 5 20 130 7 8 148 9 9 60 11 6 59 5 1 12 113 2 17 143 3 15 64 5 15 99 7 19 119 
14 5 3 13 74 6 13 97 7 8 97 8 12 83 14 10 85 1 9 8 51 3 1 15 69 3 17 112 5 6 141 1 14 12 94 4 5 7 53 9 6 97 12 17 72 13 12 64 5 3 11 80 4 7 72 8 19 54 10 16 88 15 14 85 3 12 15 96 13 10 88 14 7 63 1 9 8 150 2 2 17 113 12 6 117 2 5 18 76 13 14 95 2 1 11 67 7 16 114 4 5 13 83 8 9 60 9 16 62 14 16 98 1 13 8 63 4 6 5 79 7 16 61 13 18 50 14 8 81 
13 5 5 13 67 7 9 101 8 20 81 9 18 109 10 10 141 5 8 18 80 10 15 88 11 20 57 12 6 95 13 5 60 5 2 16 76 5 7 66 8 20 90 11 19 61 15 12 87 2 7 13 72 11 19 95 1 11 18 135 4 3 13 81 4 6 93 6 5 146 12 8 95 3 11 17 73 12 8 50 14 8 94 1 13 5 60 1 2 5 100 3 1 19 86 2 5 141 12 12 53 1 3 12 58 5 3 5 72 6 20 80 8 20 67 10 18 90 14 18 90 3 3 13 75 7 7 75 8 19 70 
11 2 3 11 65 8 16 118 1 7 9 62 1 13 6 64 2 12 10 54 14 12 96 4 4 12 66 5 7 70 11 5 66 15 16 98 5 3 12 54 7 18 93 8 11 82 12 18 61 13 16 65 2 4 6 69 15 20 99 3 1 7 85 5 18 84 13 18 83 1 6 20 87 2 7 10 144 12 17 146 4 3 13 111 4 10 144 8 9 64 10 20 99 
12 4 2 15 68 5 18 69 8 14 57 14 12 62 1 6 19 52 5 1 14 82 4 15 73 9 8 52 10 8 145 11 15 138 4 1 18 105 8 6 79 9 10 150 10 11 92 2 6 18 141 10 6 114 3 3 5 67 12 11 60 13 19 95 5 3 9 56 7 18 92 10 7 83 11 10 51 14 7 59 1 14 9 60 4 1 15 146 5 7 134 6 6 80 11 15 61 5 3 9 62 6 14 68 10 9 78 11 17 58 15 16 55 3 6 9 73 8 9 99 15 17 96 4 2 14 62 7 8 73 13 12 55 15 14 61 
10 1 15 7 77 1 4 10 105 3 4 5 75 8 9 69 13 16 82 4 4 11 72 5 19 84 13 9 77 14 5 84 2 3 18 52 13 9 75 1 9 10 136 4 4 9 75 10 11 63 12 14 72 13 9 90 1 15 9 81 3 4 17 142 5 14 56 9 6 119 3 5 5 128 6 11 91 10 20 124 
11 1 3 14 122 3 5 20 71 10 8 95 15 11 50 5 5 11 50 7 13 98 12 5 91 13 5 78 14 18 94 1 10 12 89 1 12 6 150 1 5 10 96 5 1 15 143 2 12 108 3 9 57 4 7 92 11 11 104 4 6 20 76 9 9 99 12 17 65 15 17 88 5 3 8 84 7 5 70 9 7 82 11 14 87 13 7 52 2 5 9 90 9 8 109 1 11 18 97 
11 2 9 16 77 13 10 60 4 1 12 138 2 11 89 4 14 115 5 6 80 4 1 10 86 5 19 85 7 6 50 13 11 80 2 3 10 104 11 6 125 4 2 5 75 7 6 84 13 12 75 15 10 83 4 7 7 66 10 5 53 11 10 94 14 17 96 4 2 18 51 4 16 73 10 10 73 14 20 57 1 1 14 122 4 4 6 77 5 10 65 6 17 57 14 12 88 5 2 14 66 7 5 78 10 14 87 14 15 66 15 20 65 4 2 10 67 5 11 78 7 18 93 15 12 75 
10 3 5 14 80 13 19 64 15 11 88 5 1 15 71 2 17 52 8 15 54 12 8 52 15 12 76 2 5 14 53 13 7 98 3 1 19 142 8 9 91 12 15 106 1 14 19 51 1 7 5 83 4 4 10 84 5 7 70 8 15 78 14 17 55 1 4 10 106 2 5 17 86 14 9 57 2 5 15 59 7 17 108 
12 3 2 13 111 4 20 95 7 18 150 5 1 15 59 4 7 75 10 8 50 11 6 99 14 10 74 4 2 9 94 7 17 93 11 6 71 14 7 72 4 3 17 52 4 7 104 5 8 51 12 17 129 3 2 20 55 12 16 55 14 16 97 2 4 14 111 12 16 79 1 13 8 59 5 5 15 107 8 7 76 9 17 72 10 18 50 11 18 88 4 2 17 95 9 8 67 11 5 92 15 5 63 5 6 6 51 7 20 89 9 16 63 10 9 83 13 13 55 4 5 6 131 7 14 66 9 12 135 12 11 131 5 1 12 92 6 10 65 9 19 110 10 17 80 11 5 65 
14 1 10 8 115 2 8 19 84 15 16 92 5 1 19 59 2 13 87 3 16 77 8 9 96 14 12 52 2 1 10 139 8 19 142 5 2 20 61 6 9 85 11 16 83 12 15 63 14 11 90 4 10 6 76 11 8 58 12 11 63 14 7 93 1 12 6 91 4 3 16 85 5 10 67 10 13 80 13 7 70 1 12 19 50 4 1 6 96 2 7 75 3 8 82 12 7 129 5 1 7 111 3 11 119 4 13 53 11 18 124 12 14 148 4 3 7 67 4 19 117 5 13 123 11 7 80 2 11 6 51 12 16 150 3 3 20 118 6 6 125 8 5 65 
13 2 11 17 73 12 20 94 2 3 17 71 13 18 56 4 2 17 68 3 12 99 9 9 149 11 20 83 4 3 16 91 4 9 97 8 17 66 11 5 63 2 2 12 71 15 11 87 3 5 6 92 14 13 71 15 15 84 1 5 16 121 3 6 10 61 9 7 85 10 6 137 1 1 7 136 3 1 20 92 9 10 89 14 19 52 1 3 5 106 5 3 10 77 5 17 75 7 19 145 9 9 99 10 15 73 3 1 8 80 13 9 67 14 17 66 
11 1 15 5 79 1 1 15 125 3 1 10 65 10 10 63 14 5 98 2 10 15 94 13 5 73 5 4 19 76 10 13 50 12 10 52 13 7 70 15 12 87 3 13 18 95 14 9 54 15 7 51 2 11 12 118 12 12 138 1 7 14 78 2 1 17 129 8 12 143 3 2 19 77 6 6 143 11 10 116 3 3 13 57 6 11 80 14 5 84 
13 2 10 19 69 13 10 87 2 1 11 74 14 9 64 5 1 13 61 7 13 93 11 16 80 13 17 72 14 13 98 5 2 20 60 4 7 87 10 18 69 11 7 75 12 13 79 5 3 5 51 4 10 80 5 18 58 10 9 91 13 15 60 1 11 9 52 4 1 13 86 5 19 135 6 17 90 11 16 141 5 2 20 93 7 19 83 11 19 93 13 13 79 14 10 79 4 8 8 89 9 6 77 11 5 53 14 17 65 2 6 13 145 12 18 143 4 4 11 77 5 14 97 10 13 112 11 9 88 3 2 16 50 11 12 76 12 5 72 4 1 6 90 8 6 98 10 8 56 13 7 99 
13 4 3 12 71 6 6 93 12 11 51 13 13 90 5 7 5 85 8 5 59 10 11 99 12 17 81 15 19 95 4 3 7 97 7 13 120 8 15 101 10 14 118 5 1 6 59 3 8 66 5 18 91 13 16 65 15 9 72 3 5 13 61 9 8 65 15 15 70 2 3 5 74 6 10 53 3 10 6 60 12 12 87 13 13 93 4 1 8 131 3 15 140 6 20 129 12 14 107 3 5 12 93 8 20 84 15 19 91 5 1 11 85 2 5 76 4 19 55 9 14 82 14 19 88 3 5 8 76 12 10 69 14 17 90 4 2 17 74 7 17 74 9 8 88 14 17 91 3 3 16 124 7 17 117 11 14 119 
The start time and end time of STWs:
7 46 67 97 130 166 192 226 251 Inf 
9 34 54 76 110 130 164 189 209 Inf 
5 32 67 103 129 165 185 207 245 Inf 
