The number of jobs:
15
The number of in-house machines:
6
The number of outsourcing machines:
2
The processing time and cost of available machines for each operation:
10 4 4 8 54 5 16 96 7 16 66 8 19 80 1 6 12 133 5 2 7 66 4 19 70 5 17 75 6 11 77 8 16 74 5 1 12 77 2 10 72 4 5 99 5 11 94 8 4 76 4 1 11 88 3 16 71 6 16 52 7 16 77 5 2 19 76 4 4 58 6 19 64 7 12 86 8 20 58 4 4 7 71 6 12 66 7 6 55 8 14 54 2 2 3 73 8 1 71 5 1 9 75 2 8 129 3 8 148 4 12 127 5 19 142 4 5 1 83 6 2 61 7 13 70 8 16 58 
10 5 2 9 77 3 9 58 4 5 81 7 17 76 8 17 93 5 2 2 89 3 14 71 4 15 58 5 8 51 8 12 85 1 8 3 93 5 1 4 74 2 3 63 3 5 59 5 17 55 8 16 94 1 8 11 72 1 5 17 88 2 2 8 137 5 2 147 5 2 10 84 3 20 51 5 5 88 6 20 97 8 12 78 5 1 3 78 2 4 55 3 10 74 6 7 88 7 4 75 5 3 9 77 4 1 95 6 20 65 7 10 60 8 7 99 
10 2 2 7 107 6 7 144 3 3 9 71 6 12 61 8 19 97 1 5 3 107 2 1 10 107 2 19 82 4 4 20 56 5 5 64 6 11 83 8 14 84 4 1 1 77 2 18 102 4 7 60 6 14 90 4 2 12 66 4 16 62 6 19 86 7 5 64 5 3 16 61 4 17 70 5 4 71 6 1 64 8 15 77 4 1 8 58 2 9 96 4 3 96 8 12 56 5 1 1 68 4 16 68 5 3 90 7 6 78 8 20 86 
10 2 3 16 81 4 4 150 2 2 14 150 6 8 104 1 5 8 96 2 5 7 70 8 20 89 1 2 2 63 3 1 2 99 2 1 150 4 19 93 4 3 3 131 4 11 102 5 8 70 6 8 81 2 2 19 107 4 11 70 4 2 10 80 5 9 98 7 12 92 8 13 63 3 1 9 124 2 5 146 6 2 137 
10 5 3 8 80 5 10 53 6 3 56 7 3 87 8 7 81 3 2 15 96 5 17 106 6 8 87 3 5 3 83 6 11 60 8 19 81 4 1 12 91 3 15 65 4 13 98 7 13 51 5 1 1 78 3 8 91 5 7 84 6 10 87 7 8 81 1 4 4 121 4 1 3 112 2 4 70 3 10 102 5 11 147 2 1 6 55 7 17 54 2 3 6 99 6 12 149 4 2 7 68 5 8 63 6 20 59 7 2 61 
10 3 3 16 89 7 6 94 8 14 65 4 1 18 68 2 4 56 4 6 74 7 8 70 5 3 20 52 4 13 97 5 10 62 7 3 56 8 16 91 3 3 18 67 6 15 51 8 20 68 4 1 2 74 2 18 61 6 19 96 7 4 74 4 2 7 68 3 7 58 4 5 96 7 20 56 1 1 5 112 2 2 17 148 5 18 73 1 4 4 114 1 5 19 53 
10 2 3 15 77 5 7 84 5 1 5 73 2 2 75 4 12 115 5 11 147 6 18 107 5 1 6 71 2 5 64 6 3 53 7 13 56 8 15 97 2 5 1 65 6 18 113 5 2 20 67 3 9 53 5 16 92 6 20 66 7 3 94 1 3 20 72 1 8 7 53 2 2 15 61 7 6 51 3 1 18 81 3 6 74 7 1 63 2 4 5 67 7 8 71 
10 3 1 10 60 5 4 78 7 10 71 2 4 13 75 8 3 58 5 1 10 79 2 2 53 3 9 61 6 4 60 8 15 58 4 1 20 83 5 8 73 6 12 82 8 15 75 2 2 11 64 5 9 91 4 1 16 50 5 13 54 7 12 99 8 4 65 2 2 5 74 8 3 55 1 5 5 122 1 5 20 109 3 3 12 128 4 8 93 5 17 65 
10 1 8 15 94 4 1 17 62 2 2 62 3 9 140 5 12 92 4 1 20 82 2 10 86 3 4 58 8 11 87 2 3 18 62 6 11 52 1 4 20 125 4 1 20 91 3 11 79 5 1 71 7 2 56 1 5 18 110 5 1 5 80 4 6 69 5 9 69 7 15 96 8 6 68 1 4 11 118 2 3 12 101 5 20 110 
10 5 2 17 87 3 12 79 4 10 79 6 13 88 7 10 93 3 2 18 98 3 12 58 7 3 65 4 2 18 65 6 8 90 7 8 76 8 4 89 1 7 20 61 5 3 1 86 4 10 87 6 4 52 7 13 89 8 13 99 2 2 20 82 7 16 77 4 4 5 83 5 16 78 6 7 58 8 17 51 1 4 17 76 3 3 17 99 6 19 87 8 20 96 2 6 7 73 7 12 90 
10 3 1 2 120 4 17 73 5 16 134 5 1 20 89 4 15 55 5 16 85 6 11 54 7 18 54 2 2 14 66 8 1 79 5 1 15 98 2 9 98 4 19 90 7 14 69 8 15 64 1 2 2 133 5 3 3 81 4 14 82 6 11 90 7 12 60 8 20 78 3 3 3 133 5 19 117 6 17 81 1 3 5 77 1 7 19 97 4 1 7 78 3 4 69 4 4 82 7 15 56 
10 1 3 18 96 3 2 17 74 4 11 68 8 15 71 1 1 14 83 4 5 11 93 6 16 84 7 5 93 8 18 90 1 6 11 58 2 3 4 141 4 11 65 3 3 14 90 5 6 83 7 10 66 2 2 8 113 6 4 123 5 1 12 63 3 19 86 4 6 69 7 20 65 8 1 81 1 6 12 122 
10 2 5 10 76 7 2 88 4 2 8 97 4 15 73 6 18 61 8 9 89 2 2 14 77 3 8 53 5 1 20 80 3 15 60 4 15 89 7 12 99 8 4 78 2 3 16 101 6 11 92 5 1 16 93 2 12 76 3 1 59 6 9 60 7 6 88 5 1 9 97 2 13 71 3 8 60 6 13 67 7 20 94 5 2 2 51 5 19 75 6 3 93 7 16 51 8 20 91 5 3 19 82 5 15 50 6 8 63 7 14 63 8 14 50 5 1 20 100 2 2 116 3 16 134 4 20 148 6 19 148 
10 3 4 10 84 5 10 85 6 15 124 5 1 9 79 3 5 80 6 4 69 7 6 70 8 5 97 5 1 3 61 3 18 56 6 7 73 7 18 88 8 6 97 5 3 17 62 4 6 79 6 3 80 7 13 77 8 8 54 3 4 14 61 6 11 58 8 18 80 3 3 4 148 5 15 134 6 9 108 2 1 18 68 5 10 66 1 5 17 92 5 1 14 58 5 6 81 6 17 92 7 17 54 8 6 73 2 2 7 80 7 5 69 
10 1 7 17 71 4 4 9 98 6 2 73 7 3 75 8 19 98 1 8 6 53 1 4 7 83 2 3 2 58 8 5 71 4 1 6 127 2 1 91 3 13 96 4 7 140 2 1 5 66 8 5 97 3 2 7 79 4 8 59 7 16 53 1 3 18 91 1 4 5 68 
The start time and end time of STWs:
5 40 74 102 141 181 220 Inf 
5 32 69 105 143 181 205 Inf 
