The number of jobs:
20
The number of in-house machines:
7
The number of outsourcing machines:
3
The processing time and cost of available machines for each operation:
10 2 7 17 96 8 8 98 1 4 18 100 1 3 7 101 1 10 18 82 2 9 19 72 10 7 61 2 1 6 89 10 5 50 2 1 7 82 6 8 65 1 1 12 125 1 4 11 75 1 4 11 120 
12 2 8 20 61 10 12 78 2 4 8 51 10 20 96 2 2 14 141 3 16 104 2 4 11 53 10 9 52 2 3 15 98 6 6 61 2 4 8 91 7 19 64 2 2 12 145 4 6 68 2 5 13 133 6 7 137 2 3 9 82 6 8 50 2 3 16 61 5 5 106 2 7 19 90 8 11 61 2 7 15 64 8 12 93 
14 1 2 9 137 1 6 8 87 2 4 20 113 7 18 127 1 6 19 104 2 6 17 50 9 17 51 2 3 12 98 9 18 77 1 2 17 128 2 6 20 70 8 9 90 1 3 9 84 2 3 13 73 10 8 76 1 2 10 132 1 7 19 146 2 1 11 54 5 18 68 2 1 15 71 8 8 76 
10 1 5 17 132 1 3 11 51 1 10 9 65 1 1 13 77 1 6 10 81 1 7 17 63 1 3 11 124 2 3 18 83 5 18 125 1 7 19 114 2 4 11 88 7 13 50 
12 2 6 9 79 7 6 55 1 2 12 62 1 6 8 105 2 4 16 82 8 11 76 1 3 20 68 2 5 15 106 6 9 74 1 9 7 79 1 6 19 149 1 7 20 89 2 3 8 74 7 14 99 2 2 15 82 8 7 66 2 8 13 84 9 16 78 
10 1 6 18 114 2 3 15 82 8 12 56 1 6 19 123 2 3 11 53 9 5 67 1 1 14 77 2 1 18 76 4 17 84 2 1 17 114 3 9 64 2 4 10 123 5 14 98 2 3 5 58 4 12 106 1 9 6 53 
12 2 1 18 79 10 5 53 2 4 10 71 8 11 60 2 1 17 78 4 17 116 2 3 13 86 9 18 85 1 2 5 91 2 4 11 103 7 13 139 2 2 8 89 10 17 90 1 4 12 94 1 8 11 90 2 6 20 74 7 10 130 1 1 18 111 2 3 5 108 4 14 105 
11 1 8 11 67 1 1 14 123 2 7 12 94 10 7 96 2 2 16 89 10 18 78 2 2 19 92 3 6 64 2 3 12 135 6 9 55 2 6 8 69 7 20 50 2 5 11 149 7 17 111 2 9 5 88 10 9 60 2 5 9 84 8 15 72 1 5 7 77 
14 2 5 11 83 8 8 54 2 6 9 118 7 19 50 1 5 20 142 2 4 9 97 9 9 60 2 1 17 102 4 15 115 1 1 18 123 1 2 17 116 2 1 5 110 2 16 79 2 8 10 71 9 15 60 2 2 8 50 7 9 127 2 5 6 132 6 16 96 1 10 13 74 2 3 9 92 9 7 78 1 7 20 95 
11 1 5 6 93 2 7 10 63 9 17 97 1 6 9 141 2 8 5 56 9 10 52 1 7 7 54 2 1 16 93 3 9 67 1 10 20 72 1 2 7 101 2 1 20 128 7 15 115 1 10 10 66 1 6 8 77 
11 1 10 12 73 1 1 8 133 1 2 12 64 1 1 7 84 2 3 8 90 6 16 97 1 6 10 130 1 7 16 143 1 8 6 65 2 7 16 96 10 19 97 1 8 13 95 2 6 10 91 9 17 76 
10 2 4 18 74 7 19 55 2 3 15 93 9 10 79 1 7 12 85 1 7 5 50 1 2 19 141 1 9 17 95 1 7 20 60 1 7 18 97 2 6 7 73 9 16 61 1 7 13 145 
11 1 10 20 80 2 4 15 67 8 12 80 2 1 17 53 4 16 98 2 8 10 52 10 18 86 2 4 14 75 10 19 80 2 2 16 77 10 17 84 1 2 15 120 2 5 14 67 10 17 64 2 6 10 143 7 18 101 2 4 10 81 8 6 59 1 8 8 71 
11 1 6 8 133 2 6 13 71 9 12 65 2 4 12 69 9 7 63 2 5 12 119 7 11 50 2 3 18 102 6 6 101 1 8 17 62 2 7 17 55 9 17 96 2 2 15 59 5 20 132 1 9 16 78 2 2 16 95 9 8 57 1 1 6 87 
11 2 1 17 67 10 11 87 1 7 13 136 1 2 6 80 2 8 13 62 10 5 57 1 8 5 52 1 2 18 134 1 4 12 55 1 9 7 95 1 4 12 71 2 2 17 118 4 7 146 1 7 12 89 
11 1 10 6 53 2 1 18 85 10 12 51 1 9 9 94 1 3 10 128 1 3 8 63 1 3 5 81 1 8 14 85 1 1 12 115 2 3 13 64 7 14 143 1 6 17 124 1 10 16 92 
13 2 3 17 50 10 18 50 1 8 10 67 1 6 12 57 2 1 19 68 10 9 71 1 4 14 84 2 6 13 62 10 12 98 1 6 17 73 1 3 15 106 2 3 8 59 7 20 65 1 8 7 64 2 9 19 90 10 7 76 2 4 9 94 5 5 52 2 2 13 125 5 16 91 
11 2 3 19 150 4 5 103 2 5 5 66 8 9 71 1 1 6 129 1 5 17 63 2 5 11 99 10 19 75 1 7 14 106 2 4 6 87 8 7 93 2 5 6 149 6 12 77 1 5 17 52 1 8 11 73 1 3 9 149 
10 2 5 13 74 7 18 127 2 6 7 53 9 9 77 1 1 10 86 1 2 10 99 2 2 10 118 3 13 87 2 1 15 72 6 11 105 1 3 18 101 2 8 5 69 10 12 60 2 5 9 61 8 9 77 1 3 12 115 
10 1 4 13 57 1 5 15 126 2 1 20 95 3 7 150 1 7 17 107 1 1 8 100 2 7 8 61 9 7 96 2 1 9 142 7 16 82 1 5 13 85 2 8 12 75 10 20 86 1 7 8 115 
The start time and end time of STWs:
12 46 69 100 137 157 192 232 262 Inf 
20 53 90 124 146 174 204 236 258 Inf 
18 54 75 115 141 165 191 217 239 Inf 
