The number of jobs:
20
The number of in-house machines:
8
The number of outsourcing machines:
2
The processing time and cost of available machines for each operation:
10 2 7 17 87 8 8 108 1 4 18 53 1 3 7 60 1 10 18 80 2 9 19 91 10 7 78 2 1 6 56 10 5 86 2 1 7 120 6 8 149 1 1 12 52 1 4 11 135 1 4 11 123 
12 2 8 20 97 10 12 91 2 4 8 53 10 20 51 2 2 14 148 3 16 95 2 4 11 75 10 9 69 2 3 15 67 6 6 129 2 4 8 84 7 19 105 2 2 12 106 4 6 70 2 5 13 109 6 7 143 2 3 9 55 6 8 112 2 3 16 80 5 5 83 2 7 19 146 8 11 51 2 7 15 115 8 12 96 
14 1 2 9 80 1 6 8 74 2 4 20 56 7 18 81 1 6 19 90 2 6 17 56 9 17 89 2 3 12 94 9 18 99 1 2 17 52 2 6 20 116 8 9 136 1 3 9 148 2 3 13 89 10 8 80 1 2 10 55 1 7 19 137 2 1 11 97 5 18 108 2 1 15 62 8 8 85 
10 1 5 17 57 1 3 11 60 1 10 9 97 1 1 13 73 1 6 10 120 1 7 17 147 1 3 11 93 2 3 18 141 5 18 134 1 7 19 135 2 4 11 96 7 13 117 
12 2 6 9 117 7 6 61 1 2 12 107 1 6 8 68 2 4 16 119 8 11 84 1 3 20 109 2 5 15 56 6 9 125 1 9 7 51 1 6 19 103 1 7 20 117 2 3 8 141 7 14 58 2 2 15 66 8 7 131 2 8 13 51 9 16 82 
10 1 6 18 73 2 3 15 51 8 12 121 1 6 19 96 2 3 11 88 9 5 64 1 1 14 120 2 1 18 127 4 17 108 2 1 17 105 3 9 109 2 4 10 107 5 14 82 2 3 5 104 4 12 146 1 9 6 55 
12 2 1 18 63 10 5 67 2 4 10 147 8 11 91 2 1 17 143 4 17 118 2 3 13 78 9 18 71 1 2 5 141 2 4 11 135 7 13 96 2 2 8 89 10 17 65 1 4 12 131 1 8 11 75 2 6 20 146 7 10 89 1 1 18 115 2 3 5 123 4 14 132 
11 1 8 11 114 1 1 14 150 2 7 12 76 10 7 60 2 2 16 90 10 18 56 2 2 19 91 3 6 143 2 3 12 112 6 9 145 2 6 8 99 7 20 85 2 5 11 88 7 17 113 2 9 5 76 10 9 98 2 5 9 87 8 15 120 1 5 7 104 
14 2 5 11 71 8 8 98 2 6 9 143 7 19 132 1 5 20 115 2 4 9 99 9 9 93 2 1 17 117 4 15 119 1 1 18 89 1 2 17 97 2 1 5 97 2 16 57 2 8 10 70 9 15 62 2 2 8 50 7 9 58 2 5 6 77 6 16 76 1 10 13 50 2 3 9 88 9 7 79 1 7 20 92 
11 1 5 6 117 2 7 10 78 9 17 82 1 6 9 83 2 8 5 85 9 10 89 1 7 7 135 2 1 16 103 3 9 134 1 10 20 98 1 2 7 117 2 1 20 80 7 15 143 1 10 10 69 1 6 8 135 
11 1 10 12 60 1 1 8 116 1 2 12 149 1 1 7 143 2 3 8 138 6 16 136 1 6 10 92 1 7 16 94 1 8 6 98 2 7 16 50 10 19 93 1 8 13 120 2 6 10 60 9 17 81 
10 2 4 18 139 7 19 110 2 3 15 94 9 10 98 1 7 12 74 1 7 5 79 1 2 19 146 1 9 17 87 1 7 20 138 1 7 18 106 2 6 7 99 9 16 74 1 7 13 107 
11 1 10 20 81 2 4 15 66 8 12 50 2 1 17 61 4 16 80 2 8 10 51 10 18 63 2 4 14 55 10 19 52 2 2 16 72 10 17 58 1 2 15 95 2 5 14 55 10 17 78 2 6 10 109 7 18 109 2 4 10 122 8 6 60 1 8 8 84 
11 1 6 8 103 2 6 13 80 9 12 62 2 4 12 67 9 7 73 2 5 12 125 7 11 84 2 3 18 94 6 6 107 1 8 17 137 2 7 17 99 9 17 93 2 2 15 105 5 20 136 1 9 16 52 2 2 16 62 9 8 97 1 1 6 80 
11 2 1 17 91 10 11 78 1 7 13 56 1 2 6 86 2 8 13 80 10 5 56 1 8 5 76 1 2 18 114 1 4 12 111 1 9 7 58 1 4 12 105 2 2 17 105 4 7 106 1 7 12 119 
11 1 10 6 64 2 1 18 90 10 12 54 1 9 9 55 1 3 10 74 1 3 8 101 1 3 5 132 1 8 14 123 1 1 12 111 2 3 13 51 7 14 81 1 6 17 100 1 10 16 70 
13 2 3 17 73 10 18 80 1 8 10 72 1 6 12 102 2 1 19 96 10 9 85 1 4 14 90 2 6 13 97 10 12 88 1 6 17 97 1 3 15 105 2 3 8 67 7 20 64 1 8 7 128 2 9 19 86 10 7 96 2 4 9 140 5 5 131 2 2 13 52 5 16 82 
11 2 3 19 147 4 5 98 2 5 5 150 8 9 53 1 1 6 122 1 5 17 56 2 5 11 87 10 19 71 1 7 14 86 2 4 6 95 8 7 100 2 5 6 137 6 12 64 1 5 17 91 1 8 11 87 1 3 9 104 
10 2 5 13 55 7 18 56 2 6 7 79 9 9 86 1 1 10 59 1 2 10 148 2 2 10 150 3 13 90 2 1 15 99 6 11 114 1 3 18 84 2 8 5 64 10 12 80 2 5 9 92 8 9 76 1 3 12 113 
10 1 4 13 59 1 5 15 134 2 1 20 52 3 7 118 1 7 17 61 1 1 8 80 2 7 8 65 9 7 73 2 1 9 125 7 16 108 1 5 13 103 2 8 12 75 10 20 92 1 7 8 85 
The start time and end time of STWs:
18 41 74 113 147 176 200 223 257 Inf 
13 33 67 102 137 157 194 231 267 Inf 
