The number of jobs:
10
The number of in-house machines:
12
The number of outsourcing machines:
3
The processing time and cost of available machines for each operation:
15 5 1 1 96 3 5 103 7 6 75 9 9 131 11 8 73 5 5 9 82 6 2 94 8 8 75 14 7 97 15 4 54 4 1 1 108 3 7 95 9 2 92 10 6 103 1 12 4 70 5 2 8 127 3 2 65 5 8 89 7 6 112 11 8 94 5 1 5 52 5 7 76 6 6 87 7 2 79 15 3 81 5 3 7 61 4 7 92 8 6 50 9 1 52 13 1 62 5 1 1 80 5 10 82 12 6 82 13 9 98 15 6 93 4 5 10 61 9 3 69 10 7 141 12 8 87 1 12 7 105 5 4 2 96 7 4 67 8 7 52 13 1 64 14 2 60 4 4 10 93 7 5 80 12 9 85 13 7 97 2 4 5 116 7 7 81 2 12 5 94 13 7 80 2 2 10 72 4 6 101 
15 5 3 8 105 4 3 118 5 5 73 7 10 108 9 5 50 2 3 1 51 15 7 77 2 11 3 92 13 4 72 3 3 2 96 5 2 81 13 2 86 1 12 6 113 4 2 4 89 6 3 58 7 10 58 14 9 80 3 4 9 50 13 6 86 15 3 58 3 4 2 55 10 8 94 12 10 72 3 1 6 69 10 7 56 15 7 70 1 10 8 147 5 7 7 58 8 8 57 10 3 89 14 3 81 15 7 80 3 1 8 56 7 5 77 14 5 61 2 13 1 58 15 5 86 1 10 9 56 3 3 3 113 9 7 87 10 1 130 
15 4 2 8 53 5 4 62 10 6 55 15 7 97 5 7 4 99 9 9 69 10 7 81 14 8 71 15 8 86 2 3 1 81 15 5 58 4 5 8 97 6 10 59 11 10 61 14 5 97 2 4 10 126 5 8 69 4 3 5 54 5 6 66 7 3 58 13 1 93 5 1 2 62 3 10 61 4 1 86 8 7 65 14 6 77 3 6 8 88 7 3 127 9 7 96 5 1 5 83 7 10 90 12 4 59 13 10 75 15 1 75 4 1 8 80 7 9 77 12 4 81 15 1 59 1 10 1 54 1 8 1 79 5 3 7 84 5 5 56 7 9 51 8 10 89 15 9 76 1 7 8 61 4 3 3 74 6 1 70 11 5 87 15 7 89 
15 4 3 5 90 4 6 95 9 5 94 13 2 56 1 13 6 86 1 3 2 110 4 3 8 71 4 6 99 5 3 64 15 5 91 1 2 6 81 1 15 10 80 1 11 5 81 1 4 8 129 3 5 5 71 6 10 50 14 2 97 3 1 9 99 2 7 148 8 3 88 2 4 5 73 14 7 80 2 13 10 57 14 5 88 1 9 5 86 2 3 5 131 12 2 123 1 12 3 124 
15 3 5 8 98 6 8 68 15 2 77 2 1 7 115 3 3 66 3 2 5 122 6 9 138 8 9 82 2 10 8 102 12 5 148 3 1 5 131 5 10 137 6 1 109 3 3 8 105 10 8 133 11 1 128 5 1 6 85 3 6 75 6 10 93 12 10 55 14 6 69 3 4 5 56 5 2 106 9 5 124 3 7 3 96 9 6 70 13 8 84 4 1 10 76 8 3 52 11 9 96 15 3 78 4 2 8 70 6 2 88 11 8 81 14 1 76 2 4 6 127 10 9 144 2 1 10 93 9 6 70 5 2 8 75 7 8 110 8 9 108 11 3 92 12 10 118 4 6 10 81 7 7 95 9 5 60 13 7 76 
15 5 1 4 57 5 8 64 12 2 80 13 1 60 15 5 67 3 8 7 67 10 1 53 14 9 78 5 6 8 91 7 5 52 10 1 93 14 5 91 15 6 58 1 1 10 109 4 2 8 64 5 6 138 6 7 134 11 6 77 4 5 7 126 7 6 80 8 5 147 11 7 53 5 1 10 74 4 4 57 10 2 97 12 7 52 15 9 53 5 3 6 64 5 3 53 9 1 81 11 7 91 15 5 94 1 5 5 137 2 7 5 64 15 7 56 5 1 9 68 2 3 80 4 10 95 7 10 89 15 1 72 5 2 2 86 3 6 67 7 6 51 9 3 87 15 1 87 5 2 6 76 4 7 53 6 2 134 9 10 80 10 8 95 1 3 2 95 3 4 8 71 8 7 82 14 7 68 
15 1 6 1 91 3 2 4 126 7 8 127 9 4 67 3 2 3 77 3 1 80 13 9 75 1 12 5 60 4 1 3 60 10 2 70 13 10 58 15 5 60 1 3 6 72 1 9 1 97 2 8 1 89 11 9 87 1 3 7 124 1 6 7 90 5 6 7 61 8 2 51 11 8 86 12 9 69 14 3 65 5 4 6 50 5 7 64 10 5 51 11 2 98 14 9 99 4 4 5 141 7 6 102 8 10 93 10 7 93 5 3 6 71 7 9 63 12 3 81 13 5 75 15 6 55 5 5 10 96 9 5 76 11 10 93 12 5 57 14 7 68 
15 1 10 1 60 1 10 8 104 2 13 2 93 15 7 94 1 8 1 78 4 1 8 54 12 1 83 14 6 73 15 2 54 4 1 6 60 12 5 78 13 1 85 14 7 79 2 12 8 50 13 8 63 5 3 6 58 4 9 76 5 1 65 13 10 57 15 6 88 2 4 7 125 10 3 125 5 3 8 87 4 4 68 5 4 87 11 3 57 14 10 87 5 6 7 89 10 6 67 12 7 60 14 8 52 15 3 60 4 1 1 101 2 5 93 3 5 51 11 9 118 1 7 5 143 2 4 8 101 9 9 107 3 5 7 75 10 9 89 13 7 64 
15 5 5 7 64 7 3 77 11 6 84 12 8 61 15 3 82 5 5 5 93 6 1 96 7 10 99 14 8 85 15 6 77 1 12 3 144 4 2 9 95 6 6 56 11 4 52 14 9 92 3 8 6 67 12 8 63 14 1 84 5 2 7 79 4 5 51 7 9 65 9 9 78 15 6 70 2 2 3 75 8 10 98 2 4 1 107 5 10 77 2 1 7 112 9 5 76 4 2 7 70 3 9 50 8 10 70 15 5 79 3 8 6 72 12 2 67 15 4 91 3 1 9 71 5 7 118 12 6 96 1 9 8 72 5 2 9 80 3 3 85 6 9 78 12 3 72 15 3 71 1 7 10 74 
15 2 5 7 127 10 7 140 1 8 7 95 3 3 4 130 4 5 57 9 6 100 4 4 4 69 6 5 54 8 4 75 12 1 125 2 8 7 52 11 4 105 4 5 4 70 7 1 102 10 10 134 11 6 119 3 1 8 86 11 4 124 12 7 104 3 1 5 126 4 9 105 12 1 124 2 3 4 62 14 8 52 3 3 2 100 8 8 79 12 7 117 5 3 8 107 5 6 133 6 8 147 11 10 53 12 4 150 3 5 8 112 7 2 75 8 9 97 5 2 3 95 3 1 78 4 4 92 12 3 69 14 3 75 1 2 8 146 2 2 9 69 6 8 76 
The start time and end time of STWs:
5 17 32 47 60 80 99 Inf 
3 15 35 47 61 72 87 Inf 
5 20 40 50 63 82 97 Inf 
