The number of jobs:
20
The number of in-house machines:
6
The number of outsourcing machines:
4
The processing time and cost of available machines for each operation:
12 1 10 7 74 3 3 7 57 7 6 78 9 6 78 2 6 6 58 10 20 98 3 4 13 65 7 20 79 9 13 86 4 1 16 74 6 5 77 8 15 94 9 12 91 5 2 19 68 3 15 56 4 14 77 5 11 59 10 19 59 2 9 14 87 10 15 63 4 3 16 58 7 5 90 9 11 63 10 9 86 2 7 11 98 8 11 61 2 4 12 87 10 7 89 2 8 10 51 9 16 77 2 1 6 94 3 11 110 
13 1 2 12 81 5 1 5 88 3 15 83 8 16 91 9 19 55 10 14 55 3 3 8 76 5 18 50 8 5 83 4 1 6 123 3 9 56 4 7 65 5 9 57 5 3 17 92 4 11 54 5 17 71 6 15 74 9 5 69 2 2 19 63 7 6 67 5 3 14 50 4 11 89 7 7 53 9 8 93 10 10 62 1 9 17 53 4 4 9 65 7 20 82 9 12 61 10 12 97 3 1 13 65 4 11 68 9 14 75 5 1 5 57 2 19 96 7 13 79 8 5 78 10 18 80 1 10 11 80 4 4 5 94 6 5 56 8 16 81 10 6 92 
11 3 6 11 77 9 9 72 10 13 77 3 2 10 125 4 5 50 6 11 75 3 3 6 74 7 8 70 10 5 74 3 2 15 72 7 7 56 8 15 94 3 4 12 117 5 14 70 6 20 86 4 1 5 75 2 16 60 8 6 70 9 5 51 2 8 15 84 10 11 73 2 9 7 94 10 5 59 1 1 8 113 4 1 14 136 2 15 118 3 7 78 6 16 91 2 2 19 67 9 9 67 
11 4 2 6 81 4 16 91 5 11 72 8 8 70 1 10 7 63 5 3 6 78 6 17 68 7 7 63 8 14 82 10 20 95 5 1 19 68 4 13 50 5 8 72 6 7 61 8 8 54 4 2 19 53 3 16 64 4 17 89 7 17 67 1 10 17 72 5 1 14 84 3 19 90 4 18 57 5 18 80 9 17 60 5 1 17 68 3 10 85 7 19 81 9 12 77 10 13 51 5 1 12 96 2 20 94 3 16 51 8 12 66 10 20 98 4 1 12 97 4 20 86 5 13 66 8 19 96 4 4 20 73 5 11 60 8 10 52 10 7 66 
14 2 3 17 96 5 13 128 1 9 9 87 1 8 11 75 3 7 11 53 9 10 69 10 15 87 2 4 5 61 10 15 55 3 2 13 77 8 19 94 10 10 66 3 3 11 82 4 20 71 8 12 90 5 1 20 93 3 10 95 8 8 99 9 5 61 10 6 86 3 2 7 62 4 10 91 9 20 75 5 1 13 57 4 19 94 7 16 98 9 20 76 10 12 58 1 5 19 102 3 1 16 110 4 16 58 5 13 150 2 3 13 64 5 15 126 3 3 15 97 5 17 53 10 7 52 
11 1 6 15 74 1 9 10 81 3 2 9 69 8 9 89 10 14 81 4 4 15 73 5 9 99 7 13 92 9 17 82 1 3 18 94 1 1 12 60 1 1 7 71 2 6 13 50 7 18 92 3 3 5 88 5 13 90 10 18 59 2 5 11 126 6 15 119 1 5 8 108 
14 2 5 11 83 9 17 86 3 2 10 63 4 18 72 7 13 75 5 1 11 70 4 20 98 6 12 98 8 14 61 10 18 57 3 1 10 93 2 16 60 7 12 75 4 1 5 76 2 13 68 5 16 86 7 17 60 3 2 19 150 3 11 148 4 5 115 2 2 18 63 8 6 96 5 1 8 95 3 20 84 4 14 65 6 19 53 8 12 60 5 2 7 84 6 11 81 7 12 55 9 19 67 10 13 71 1 1 17 50 5 2 20 96 5 10 75 6 14 90 8 18 61 10 19 96 3 1 18 96 9 5 62 10 20 57 5 1 15 65 2 6 64 5 12 69 7 7 55 10 20 69 1 6 6 97 
13 3 3 19 65 9 5 73 10 18 92 4 2 13 88 3 20 82 6 10 64 8 17 71 2 5 11 86 10 7 81 3 1 15 102 3 13 54 6 12 147 4 3 11 78 4 19 97 6 19 70 8 5 50 1 8 19 83 2 4 8 78 8 10 60 5 2 18 60 4 20 52 6 20 97 8 12 57 9 13 54 5 1 7 67 2 6 70 4 9 72 6 7 73 8 6 87 3 1 8 51 3 13 61 9 16 60 1 3 13 62 4 4 15 56 8 8 82 9 12 63 10 7 89 5 1 5 62 3 6 80 4 12 56 6 7 53 9 13 59 
11 5 2 12 89 4 17 77 5 13 93 6 18 73 7 5 74 3 3 16 50 7 12 71 9 6 75 2 5 15 65 8 13 80 4 1 20 91 2 8 91 5 20 90 8 13 79 2 3 9 54 8 6 51 3 2 16 59 6 13 61 8 6 97 3 2 10 56 7 7 55 10 5 65 4 3 11 94 6 15 79 7 5 63 8 8 93 4 1 7 86 5 12 76 8 8 81 9 11 76 3 2 17 66 3 5 54 7 5 52 1 2 7 148 
12 4 3 8 85 4 7 72 7 7 69 8 7 61 4 3 18 74 6 6 75 8 10 69 9 6 98 5 4 13 53 6 11 50 8 5 50 9 7 93 10 19 87 4 2 17 98 8 18 67 9 20 95 10 18 67 1 10 14 61 2 2 19 147 6 9 69 3 2 8 93 6 17 85 10 10 51 2 5 10 59 9 15 62 2 3 6 99 8 7 53 2 4 9 91 10 6 71 3 2 6 74 7 5 53 8 5 86 2 2 6 109 3 20 57 
10 5 1 15 52 3 7 91 4 12 64 5 16 59 8 13 58 4 3 17 57 5 19 89 6 9 78 8 7 54 1 8 8 61 5 3 11 62 6 12 60 7 19 89 8 14 84 9 19 93 2 1 11 75 4 7 65 2 6 9 70 7 14 69 5 1 17 62 4 12 75 8 17 59 9 6 95 10 11 78 3 1 6 85 6 17 62 7 9 50 2 1 7 52 7 13 73 2 6 20 85 9 16 86 
11 1 3 11 150 1 2 16 112 4 1 5 96 2 15 98 5 16 57 7 17 63 1 9 5 62 1 5 7 65 3 5 8 96 6 17 88 7 5 54 5 1 9 58 2 15 80 5 10 70 9 17 60 10 13 95 4 5 19 58 7 7 75 8 17 96 9 18 95 5 6 15 83 7 11 57 8 8 94 9 20 76 10 5 55 5 2 12 75 5 5 62 8 20 80 9 16 94 10 11 82 4 2 9 56 5 8 98 6 18 98 7 10 73 
11 5 2 14 75 4 20 58 7 15 60 9 12 87 10 18 66 1 2 17 120 1 10 18 62 3 2 15 74 6 7 83 8 15 55 4 2 10 55 3 13 61 5 15 70 8 5 95 4 4 9 64 7 18 99 8 13 67 10 12 85 4 1 6 86 2 16 72 4 19 77 8 16 51 5 1 15 50 3 14 94 4 9 85 7 9 72 9 13 57 2 7 13 86 9 14 86 4 1 5 72 2 18 80 4 20 98 8 7 93 1 9 7 83 
10 1 10 16 53 1 9 15 59 1 9 15 53 3 1 14 50 6 7 59 8 15 82 5 1 16 62 4 6 50 5 15 97 6 18 65 8 18 60 2 3 8 85 8 11 62 1 1 14 53 5 1 16 54 4 5 94 5 8 86 9 18 71 10 7 89 1 4 14 99 1 4 15 104 
12 5 3 8 61 4 14 86 5 17 85 6 19 67 10 18 67 4 2 16 69 5 6 55 8 6 68 10 12 55 4 4 6 89 5 13 67 7 7 50 9 15 94 3 4 19 91 6 15 61 9 13 74 5 3 18 62 4 16 60 8 6 60 9 6 75 10 5 55 4 3 13 65 5 8 83 6 19 96 7 19 61 5 1 8 66 2 13 73 8 11 74 9 18 89 10 10 95 1 8 16 80 1 10 13 90 3 1 15 62 9 12 86 10 7 71 1 1 18 101 5 1 12 72 4 16 52 5 12 93 7 9 59 9 5 69 
14 5 1 16 81 2 18 69 4 18 63 9 11 95 10 13 82 5 1 12 63 3 10 92 6 9 90 7 19 92 9 19 75 2 8 17 71 9 13 65 3 2 13 65 5 11 85 8 15 59 3 4 16 55 6 6 68 8 17 88 2 7 19 56 10 11 67 1 4 12 133 4 3 8 95 5 8 87 6 5 50 8 10 69 5 1 14 88 2 5 78 4 20 99 7 14 94 10 12 55 3 4 17 90 7 12 53 10 15 95 3 1 15 57 5 6 76 7 17 70 2 1 13 89 9 16 73 5 1 6 79 2 18 91 3 12 98 7 9 58 10 7 94 2 8 19 55 9 11 58 
13 4 1 18 83 5 14 75 6 13 63 7 8 80 1 8 18 64 5 2 10 77 4 20 54 6 19 97 8 5 78 10 20 98 3 1 20 144 4 14 95 5 10 70 3 5 14 86 8 16 78 10 10 98 5 1 20 82 2 17 83 4 7 63 5 8 55 10 12 67 2 1 5 90 9 16 78 1 1 10 127 4 1 16 67 3 16 82 5 8 141 6 16 85 2 1 15 56 3 10 86 5 1 6 88 2 6 99 3 17 87 6 12 93 10 8 62 3 4 5 87 5 7 115 6 17 128 1 3 13 54 
11 2 3 16 133 4 19 59 1 1 15 123 4 4 5 91 5 18 87 7 16 65 10 14 77 3 5 13 58 7 6 84 9 18 73 4 4 5 97 5 8 68 6 5 72 8 7 88 1 2 15 88 5 1 15 76 2 12 63 5 7 72 7 18 79 8 7 56 5 1 15 55 2 15 64 3 10 60 7 11 71 9 14 86 3 2 13 72 6 17 83 7 7 78 1 6 7 79 4 1 12 93 2 5 66 3 6 118 4 17 118 
13 5 2 13 86 5 7 71 7 9 51 9 10 71 10 13 86 5 2 6 94 4 6 69 6 19 64 7 13 85 10 10 53 5 6 8 82 7 13 78 8 19 96 9 15 57 10 9 51 3 6 20 97 8 16 78 10 7 90 5 1 17 85 4 16 50 5 18 98 9 16 64 10 18 82 5 4 9 59 5 12 72 7 13 91 8 11 69 10 20 60 2 3 8 64 10 14 82 2 2 5 83 3 7 117 4 2 5 54 3 15 89 7 18 79 8 17 58 1 2 19 93 1 9 5 85 1 2 18 122 5 3 7 86 5 17 87 7 18 54 8 18 80 10 16 82 
13 5 3 9 82 4 11 66 7 11 80 8 7 81 10 8 63 2 1 13 83 8 19 56 3 2 8 94 8 20 87 10 19 81 3 1 19 117 2 19 129 4 18 121 2 1 15 65 5 10 54 1 9 17 51 4 3 16 60 6 19 82 9 14 75 10 13 90 1 1 8 76 3 3 16 59 4 20 144 6 18 108 2 1 7 82 7 20 91 5 2 20 94 3 10 68 4 5 71 5 6 70 7 13 92 1 3 11 124 2 3 8 54 6 18 120 
The start time and end time of STWs:
17 37 66 103 139 164 202 223 245 Inf 
18 45 81 104 127 162 184 213 234 Inf 
15 50 76 104 135 174 200 225 250 Inf 
11 44 74 95 119 143 163 194 217 Inf 
