The number of jobs:
10
The number of in-house machines:
4
The number of outsourcing machines:
2
The processing time and cost of available machines for each operation:
6 5 1 4 53 2 3 71 3 3 56 5 2 54 6 5 84 2 2 2 105 3 5 141 5 1 6 94 2 5 63 3 1 66 4 3 75 6 6 82 3 2 7 98 3 7 62 5 5 50 4 1 3 92 3 7 70 5 5 85 6 3 99 2 1 5 58 6 4 52 
6 3 2 7 75 3 7 62 6 3 58 1 5 3 96 2 1 5 105 3 7 127 2 1 2 81 4 2 143 5 2 2 93 3 2 94 4 5 82 5 5 91 6 1 81 3 2 5 66 4 3 63 5 4 60 
6 1 4 3 78 1 1 5 75 4 1 3 85 2 7 54 4 7 64 5 4 55 2 1 2 61 6 3 98 1 4 4 125 2 5 5 81 6 6 75 
6 1 4 7 131 5 2 1 63 3 3 98 4 5 92 5 2 64 6 6 94 6 1 4 61 2 6 74 3 7 51 4 6 82 5 5 81 6 6 86 5 2 1 66 3 4 76 4 5 53 5 7 64 6 5 52 3 1 4 72 2 1 80 5 4 73 4 2 1 50 3 4 65 5 3 82 6 2 76 
6 4 1 7 62 2 1 65 5 4 55 6 3 53 3 1 5 79 4 6 98 6 7 85 1 6 3 62 3 1 2 88 3 6 85 6 7 66 6 1 7 53 2 7 80 3 5 72 4 1 98 5 3 89 6 2 53 2 3 5 75 4 2 142 
6 4 3 7 61 4 2 80 5 1 68 6 3 74 5 1 7 60 2 6 62 3 7 99 4 5 81 5 5 97 2 2 5 144 4 6 144 6 1 1 60 2 7 92 3 7 50 4 3 79 5 4 54 6 1 97 4 1 5 54 2 1 71 4 1 91 5 1 67 5 1 6 89 2 2 68 4 7 89 5 1 84 6 2 70 
5 5 1 1 67 2 2 81 3 1 77 4 6 51 5 1 82 5 1 5 78 2 4 57 4 6 97 5 3 63 6 4 97 6 1 2 55 2 1 72 3 3 94 4 3 56 5 3 51 6 5 65 4 1 3 88 2 7 99 3 2 53 6 1 92 4 1 6 97 4 3 77 5 2 64 6 6 73 
6 6 1 3 92 2 5 73 3 6 84 4 5 58 5 1 93 6 5 85 4 2 5 52 3 7 90 4 1 76 6 6 91 6 1 4 72 2 1 54 3 4 60 4 2 54 5 5 85 6 1 83 2 3 5 64 5 1 82 2 2 5 146 4 7 128 3 1 2 90 2 4 57 6 4 70 
5 2 2 3 83 3 5 135 4 1 1 55 3 6 89 5 7 85 6 3 81 1 1 5 55 5 1 1 83 2 6 65 3 5 75 4 4 87 5 7 62 5 1 2 75 2 6 87 3 2 56 5 5 83 6 1 52 
6 4 1 7 66 3 2 80 5 1 92 6 2 92 2 3 6 52 4 7 99 2 2 5 72 6 3 79 4 2 2 74 3 2 63 4 1 76 5 4 76 5 1 6 95 3 5 69 4 4 91 5 5 98 6 7 88 5 1 5 74 2 7 75 4 6 71 5 2 70 6 7 94 
The start time and end time of STWs:
6 17 29 Inf 
4 18 30 Inf 
