The number of jobs:
15
The number of in-house machines:
5
The number of outsourcing machines:
3
The processing time and cost of available machines for each operation:
8 1 1 5 149 1 4 7 124 2 6 8 55 8 8 56 1 1 1 98 3 2 9 92 4 8 54 8 5 95 3 1 2 54 4 9 87 8 6 94 3 1 3 94 4 8 118 5 7 144 2 1 1 88 3 5 91 
7 3 4 7 84 5 6 88 6 1 61 1 1 9 117 3 4 1 67 5 5 90 7 10 94 3 1 3 54 2 9 53 8 8 73 1 3 1 125 3 1 3 51 5 3 66 8 10 90 2 7 1 93 8 4 88 
6 1 6 3 63 3 3 9 67 7 9 60 8 4 97 3 3 5 75 6 6 81 7 1 80 3 3 9 96 5 6 55 8 10 84 3 5 4 58 6 3 81 8 10 55 3 1 5 129 3 2 77 5 2 91 
5 3 4 2 56 5 10 75 6 3 52 2 2 1 115 5 8 69 1 4 5 80 3 1 7 68 7 10 88 8 7 69 3 3 7 51 4 10 83 6 9 56 
7 3 2 9 91 4 6 70 6 10 69 1 5 10 97 2 3 8 88 7 1 87 1 5 6 111 1 5 9 61 2 3 4 67 6 6 52 2 7 9 51 8 8 81 
9 3 4 6 66 6 6 56 8 4 74 1 8 2 79 2 1 9 88 7 6 84 3 2 9 79 5 9 68 8 6 63 1 6 1 50 3 5 2 99 7 7 70 8 1 61 3 1 6 56 2 2 103 3 5 56 3 2 7 58 5 6 93 6 1 96 3 1 3 73 2 7 64 8 7 77 
5 1 7 2 88 1 4 5 111 2 2 9 96 3 3 51 1 1 4 107 1 7 10 75 
6 3 5 1 66 6 2 98 8 2 53 1 2 8 115 2 5 2 77 7 6 70 2 1 1 111 2 5 83 2 2 4 76 3 2 54 2 2 4 64 3 3 131 
9 1 1 10 135 2 2 1 79 3 6 103 2 4 10 73 6 10 75 1 1 9 89 3 2 8 132 4 3 55 5 5 94 1 2 10 79 1 1 1 78 3 1 8 91 5 7 97 7 10 99 1 8 5 75 
5 2 3 2 86 5 7 131 3 3 4 96 4 5 89 6 1 88 3 1 8 130 3 1 131 5 2 71 3 3 4 60 4 1 95 6 8 76 3 1 3 60 5 5 87 8 6 84 
4 1 1 7 78 1 7 9 67 2 1 7 73 2 3 64 2 1 4 61 2 3 91 
6 1 3 4 53 1 3 10 50 1 8 10 51 3 1 3 92 7 10 87 8 2 59 2 1 6 50 5 9 107 2 3 10 70 5 7 135 
4 3 3 6 80 4 10 94 7 1 65 1 5 3 73 2 2 10 115 4 7 91 1 4 10 54 
3 1 2 7 74 2 2 2 57 7 9 67 3 2 10 61 4 6 94 6 7 59 
6 3 3 4 51 4 9 97 7 5 65 1 2 6 123 3 3 6 112 4 1 104 5 4 51 1 3 2 83 1 2 3 75 1 2 2 50 
The start time and end time of STWs:
1 14 26 43 62 Inf 
10 26 41 57 70 Inf 
9 25 40 50 65 Inf 
