The number of jobs:
10
The number of in-house machines:
10
The number of outsourcing machines:
5
The processing time and cost of available machines for each operation:
15 5 1 1 61 3 5 62 7 6 66 9 9 59 11 8 61 5 5 9 97 6 2 59 8 8 80 14 7 65 15 4 60 4 1 1 51 3 7 129 9 2 82 10 6 101 1 12 4 83 5 2 8 60 3 2 65 5 8 77 7 6 93 11 8 64 5 1 5 51 5 7 80 6 6 65 7 2 85 15 3 76 5 3 7 81 4 7 54 8 6 77 9 1 62 13 1 87 5 1 1 93 5 10 58 12 6 52 13 9 94 15 6 83 4 5 10 77 9 3 67 10 7 51 12 8 87 1 12 7 50 5 4 2 72 7 4 94 8 7 94 13 1 75 14 2 96 4 4 10 58 7 5 99 12 9 90 13 7 51 2 4 5 86 7 7 122 2 12 5 60 13 7 71 2 2 10 110 4 6 86 
15 5 3 8 146 4 3 71 5 5 143 7 10 127 9 5 110 2 3 1 89 15 7 99 2 11 3 83 13 4 95 3 3 2 57 5 2 82 13 2 59 1 12 6 76 4 2 4 60 6 3 78 7 10 97 14 9 80 3 4 9 96 13 6 79 15 3 85 3 4 2 88 10 8 60 12 10 52 3 1 6 85 10 7 64 15 7 79 1 10 8 55 5 7 7 57 8 8 93 10 3 88 14 3 59 15 7 82 3 1 8 75 7 5 88 14 5 94 2 13 1 98 15 5 56 1 10 9 150 3 3 3 120 9 7 77 10 1 60 
15 4 2 8 94 5 4 66 10 6 96 15 7 50 5 7 4 92 9 9 88 10 7 65 14 8 59 15 8 59 2 3 1 86 15 5 88 4 5 8 56 6 10 87 11 10 87 14 5 57 2 4 10 106 5 8 52 4 3 5 93 5 6 75 7 3 58 13 1 58 5 1 2 68 3 10 94 4 1 60 8 7 72 14 6 56 3 6 8 66 7 3 67 9 7 84 5 1 5 60 7 10 96 12 4 67 13 10 61 15 1 69 4 1 8 78 7 9 71 12 4 79 15 1 64 1 10 1 79 1 8 1 94 5 3 7 59 5 5 91 7 9 75 8 10 56 15 9 62 1 7 8 141 4 3 3 98 6 1 75 11 5 97 15 7 92 
15 4 3 5 81 4 6 65 9 5 86 13 2 74 1 13 6 58 1 3 2 130 4 3 8 92 4 6 77 5 3 68 15 5 71 1 2 6 69 1 15 10 76 1 11 5 98 1 4 8 90 3 5 5 98 6 10 92 14 2 93 3 1 9 143 2 7 64 8 3 68 2 4 5 71 14 7 92 2 13 10 97 14 5 64 1 9 5 78 2 3 5 94 12 2 76 1 12 3 73 
15 3 5 8 97 6 8 57 15 2 95 2 1 7 98 3 3 119 3 2 5 85 6 9 63 8 9 50 2 10 8 67 12 5 85 3 1 5 50 5 10 81 6 1 80 3 3 8 74 10 8 79 11 1 53 5 1 6 85 3 6 61 6 10 58 12 10 85 14 6 68 3 4 5 60 5 2 106 9 5 66 3 7 3 95 9 6 80 13 8 76 4 1 10 86 8 3 56 11 9 77 15 3 73 4 2 8 95 6 2 58 11 8 99 14 1 94 2 4 6 112 10 9 114 2 1 10 55 9 6 149 5 2 8 85 7 8 81 8 9 90 11 3 61 12 10 70 4 6 10 64 7 7 65 9 5 59 13 7 86 
15 5 1 4 51 5 8 56 12 2 96 13 1 78 15 5 74 3 8 7 75 10 1 55 14 9 74 5 6 8 79 7 5 87 10 1 97 14 5 93 15 6 54 1 1 10 136 4 2 8 87 5 6 72 6 7 98 11 6 94 4 5 7 81 7 6 61 8 5 56 11 7 98 5 1 10 88 4 4 95 10 2 77 12 7 97 15 9 92 5 3 6 69 5 3 90 9 1 66 11 7 93 15 5 65 1 5 5 96 2 7 5 79 15 7 84 5 1 9 79 2 3 64 4 10 80 7 10 90 15 1 61 5 2 2 73 3 6 63 7 6 76 9 3 51 15 1 84 5 2 6 79 4 7 119 6 2 81 9 10 107 10 8 70 1 3 2 51 3 4 8 58 8 7 98 14 7 70 
15 1 6 1 109 3 2 4 144 7 8 57 9 4 108 3 2 3 87 3 1 83 13 9 80 1 12 5 95 4 1 3 82 10 2 83 13 10 61 15 5 77 1 3 6 53 1 9 1 68 2 8 1 67 11 9 63 1 3 7 80 1 6 7 102 5 6 7 94 8 2 73 11 8 55 12 9 87 14 3 93 5 4 6 59 5 7 94 10 5 89 11 2 72 14 9 64 4 4 5 129 7 6 115 8 10 74 10 7 95 5 3 6 73 7 9 83 12 3 81 13 5 51 15 6 89 5 5 10 76 9 5 84 11 10 72 12 5 90 14 7 81 
15 1 10 1 139 1 10 8 70 2 13 2 81 15 7 83 1 8 1 74 4 1 8 70 12 1 58 14 6 87 15 2 53 4 1 6 77 12 5 91 13 1 89 14 7 86 2 12 8 95 13 8 56 5 3 6 52 4 9 79 5 1 92 13 10 53 15 6 52 2 4 7 130 10 3 118 5 3 8 93 4 4 98 5 4 50 11 3 52 14 10 93 5 6 7 63 10 6 57 12 7 50 14 8 71 15 3 86 4 1 1 80 2 5 57 3 5 56 11 9 84 1 7 5 74 2 4 8 84 9 9 104 3 5 7 90 10 9 78 13 7 88 
15 5 5 7 86 7 3 53 11 6 71 12 8 51 15 3 96 5 5 5 67 6 1 75 7 10 84 14 8 72 15 6 83 1 12 3 76 4 2 9 88 6 6 67 11 4 80 14 9 98 3 8 6 77 12 8 81 14 1 61 5 2 7 75 4 5 91 7 9 66 9 9 93 15 6 70 2 2 3 96 8 10 132 2 4 1 54 5 10 123 2 1 7 94 9 5 83 4 2 7 53 3 9 52 8 10 77 15 5 96 3 8 6 86 12 2 94 15 4 80 3 1 9 74 5 7 53 12 6 67 1 9 8 136 5 2 9 68 3 3 50 6 9 92 12 3 81 15 3 71 1 7 10 54 
15 2 5 7 81 10 7 142 1 8 7 117 3 3 4 113 4 5 117 9 6 59 4 4 4 81 6 5 50 8 4 63 12 1 54 2 8 7 82 11 4 66 4 5 4 85 7 1 63 10 10 64 11 6 78 3 1 8 56 11 4 93 12 7 90 3 1 5 83 4 9 98 12 1 99 2 3 4 77 14 8 71 3 3 2 82 8 8 58 12 7 85 5 3 8 77 5 6 69 6 8 66 11 10 63 12 4 71 3 5 8 61 7 2 125 8 9 87 5 2 3 80 3 1 75 4 4 97 12 3 73 14 3 83 1 2 8 104 2 2 9 145 6 8 111 
The start time and end time of STWs:
9 27 47 57 75 92 109 Inf 
8 21 33 46 59 72 89 Inf 
9 21 41 52 67 81 95 Inf 
8 27 39 49 67 83 99 Inf 
10 21 41 59 79 93 105 Inf 
