The number of jobs:
10
The number of in-house machines:
4
The number of outsourcing machines:
2
The processing time and cost of available machines for each operation:
6 3 1 1 84 3 1 88 5 2 98 3 2 3 98 3 1 98 4 4 89 3 2 4 68 4 4 50 5 2 56 1 6 1 73 1 5 2 83 2 4 3 51 6 1 86 
5 3 2 6 75 4 1 92 6 6 80 2 4 5 90 6 5 82 2 4 1 76 5 1 79 1 1 4 82 3 1 5 123 3 7 87 4 4 118 
5 1 6 5 51 1 3 4 99 2 2 7 67 5 5 95 1 4 1 70 3 3 3 56 4 4 69 6 7 67 
5 2 2 3 80 5 7 96 3 3 1 73 5 5 89 6 5 58 1 1 7 131 1 4 6 117 2 3 5 53 5 5 69 
6 2 1 4 81 6 4 86 1 3 3 106 2 3 1 56 6 3 86 2 2 1 108 4 6 98 3 1 1 84 2 2 130 4 2 67 3 1 6 95 3 6 94 6 6 94 
6 3 1 3 60 5 1 76 6 2 98 3 4 1 65 5 7 59 6 2 86 3 1 5 76 3 1 95 6 7 56 1 4 2 146 2 3 5 71 5 7 54 3 1 2 54 3 5 72 6 3 64 
5 3 1 6 88 2 2 57 5 1 93 1 5 3 50 2 1 6 66 3 1 52 2 1 7 91 6 3 67 2 4 4 99 6 3 50 
5 1 5 7 94 3 1 1 61 2 5 61 6 2 77 1 6 3 94 2 4 1 81 6 6 68 2 2 7 144 4 7 90 
6 1 2 7 57 1 6 6 52 3 1 4 51 3 5 92 5 5 99 1 2 1 65 1 5 2 74 3 1 1 140 2 3 89 3 7 83 
6 2 2 2 133 4 5 102 2 3 5 89 5 1 75 2 1 4 66 5 6 96 2 1 6 121 2 2 53 3 2 2 94 4 1 98 5 5 72 1 4 5 116 
The start time and end time of STWs:
3 16 27 Inf 
3 15 22 Inf 
